wave grass cheatgrass drygrass
  0.395100  0.023331  0.029566  0.035741
  0.397100  0.024317  0.030529  0.038969
  0.399100  0.024982  0.031038  0.040122
  0.401100  0.025372  0.032002  0.042967
  0.403100  0.025914  0.033457  0.046166
  0.405100  0.026487  0.033549  0.049792
  0.407100  0.026487  0.034967  0.052674
  0.409100  0.026487  0.035479  0.055653
  0.411100  0.026487  0.036847  0.060204
  0.412800  0.028265  0.037200  0.063548
  0.415800  0.029107  0.038443  0.069368
  0.418800  0.029792  0.039897  0.075513
  0.421800  0.029989  0.041668  0.081762
  0.424800  0.030443  0.042976  0.088638
  0.427800  0.030570  0.044389  0.095253
  0.430800  0.030978  0.045557  0.100106
  0.433800  0.031023  0.046530  0.107534
  0.436800  0.031599  0.047930  0.112398
  0.439800  0.031237  0.048973  0.117453
  0.442800  0.031718  0.050157  0.122438
  0.445800  0.031861  0.051119  0.126897
  0.448800  0.035458  0.052790  0.131374
  0.451300  0.035586  0.053134  0.136775
  0.453300  0.035959  0.054165  0.139089
  0.455300  0.036349  0.055382  0.141781
  0.457300  0.036130  0.055025  0.142958
  0.459300  0.036474  0.055660  0.145232
  0.461300  0.036322  0.057085  0.148593
  0.463300  0.036313  0.057330  0.152888
  0.465300  0.036184  0.058493  0.154434
  0.467300  0.036295  0.059352  0.158130
  0.469300  0.036583  0.060128  0.159173
  0.471300  0.036575  0.060485  0.161767
  0.473300  0.036203  0.060981  0.164721
  0.475300  0.036524  0.061946  0.168084
  0.477300  0.036751  0.061700  0.168901
  0.479300  0.036540  0.062632  0.171971
  0.481300  0.036740  0.063479  0.172928
  0.483300  0.036667  0.063599  0.175420
  0.485300  0.036762  0.064625  0.178206
  0.487300  0.036974  0.064838  0.180523
  0.489300  0.036704  0.065241  0.181453
  0.491300  0.036951  0.065982  0.184375
  0.493300  0.037451  0.066641  0.185187
  0.495300  0.037876  0.067083  0.189109
  0.497300  0.038732  0.067691  0.189718
  0.499300  0.039068  0.068248  0.192823
  0.501300  0.040153  0.068988  0.193660
  0.503300  0.041151  0.069811  0.195548
  0.505300  0.042361  0.070380  0.197931
  0.507300  0.044103  0.070608  0.199945
  0.509300  0.045671  0.071611  0.200530
  0.511300  0.048282  0.072111  0.203636
  0.513300  0.051705  0.073444  0.204511
  0.515300  0.054260  0.073218  0.207082
  0.517300  0.057702  0.075011  0.208837
  0.519300  0.061932  0.074959  0.210433
  0.521300  0.066915  0.075526  0.211768
  0.523300  0.070820  0.076472  0.213718
  0.525300  0.075394  0.077468  0.215953
  0.527300  0.079247  0.078009  0.216827
  0.529300  0.083182  0.078650  0.217495
  0.531300  0.086022  0.078906  0.220410
  0.533300  0.088934  0.079548  0.221713
  0.535300  0.090678  0.080525  0.224150
  0.537300  0.092446  0.080356  0.225796
  0.539300  0.093856  0.081093  0.228469
  0.541300  0.094136  0.082582  0.228859
  0.543300  0.094826  0.083213  0.231380
  0.545300  0.095046  0.084295  0.231661
  0.547300  0.096055  0.084610  0.234916
  0.549300  0.096919  0.085347  0.233701
  0.551300  0.097291  0.086664  0.237225
  0.553300  0.096784  0.086999  0.237341
  0.555300  0.096961  0.088987  0.240104
  0.557300  0.096114  0.088772  0.240128
  0.559300  0.094942  0.089666  0.242068
  0.561300  0.094947  0.090070  0.243865
  0.563300  0.092796  0.090450  0.245516
  0.565300  0.090924  0.091063  0.248251
  0.567300  0.087981  0.091976  0.248262
  0.569300  0.085496  0.092449  0.251083
  0.571300  0.081970  0.093146  0.251867
  0.573300  0.078915  0.093564  0.253663
  0.575300  0.076423  0.094215  0.255943
  0.577300  0.073892  0.094768  0.256482
  0.579300  0.072869  0.095584  0.260784
  0.581300  0.071452  0.095755  0.259228
  0.583300  0.068412  0.096886  0.262717
  0.585300  0.067058  0.097822  0.263354
  0.587300  0.067661  0.099003  0.265349
  0.589300  0.066785  0.100701  0.266517
  0.591300  0.064474  0.100699  0.268622
  0.593300  0.064558  0.102016  0.268564
  0.595300  0.063475  0.103089  0.269660
  0.597300  0.063070  0.104360  0.269798
  0.599300  0.063754  0.105875  0.270799
  0.601100  0.062867  0.106896  0.272797
  0.602700  0.062361  0.108294  0.273321
  0.604300  0.062590  0.109319  0.275428
  0.605900  0.061415  0.111124  0.275258
  0.607500  0.061316  0.111348  0.276303
  0.609100  0.060793  0.112005  0.276793
  0.610700  0.059324  0.114353  0.277189
  0.612300  0.058900  0.114597  0.278751
  0.613900  0.058770  0.115898  0.279837
  0.615500  0.057150  0.117100  0.281749
  0.617100  0.055862  0.117718  0.281515
  0.618700  0.056057  0.118958  0.282829
  0.620300  0.055786  0.119602  0.285154
  0.621900  0.054152  0.120384  0.285027
  0.623500  0.054062  0.121601  0.285886
  0.625100  0.053999  0.123308  0.288220
  0.626700  0.053179  0.124236  0.288946
  0.628300  0.054342  0.125146  0.289852
  0.629900  0.053139  0.126093  0.290359
  0.631700  0.053174  0.127704  0.291907
  0.633700  0.053171  0.129052  0.292865
  0.635700  0.052461  0.130787  0.293507
  0.637700  0.051071  0.132060  0.296340
  0.639700  0.050130  0.133652  0.296077
  0.641700  0.049086  0.134941  0.298794
  0.643700  0.047838  0.137101  0.299242
  0.645700  0.047458  0.137443  0.301012
  0.647700  0.045377  0.139731  0.301609
  0.649700  0.045176  0.140566  0.303237
  0.651700  0.043870  0.143166  0.302770
  0.653700  0.043869  0.144030  0.304491
  0.655700  0.043636  0.145263  0.305865
  0.657700  0.043020  0.147367  0.306958
  0.659700  0.042707  0.149221  0.307925
  0.661700  0.041578  0.150031  0.308157
  0.663700  0.040885  0.151375  0.309178
  0.665700  0.040389  0.153499  0.311394
  0.667700  0.039239  0.154499  0.310924
  0.670200  0.039069  0.156673  0.311852
  0.673200  0.038478  0.158649  0.312021
  0.676200  0.038824  0.160516  0.314106
  0.679200  0.038156  0.163594  0.315666
  0.682200  0.038970  0.164941  0.317396
  0.685200  0.039697  0.168207  0.320465
  0.688200  0.042075  0.171419  0.320363
  0.691200  0.049019  0.173859  0.322484
  0.694200  0.059077  0.178357  0.322771
  0.697200  0.071845  0.181821  0.324892
  0.700200  0.091379  0.190077  0.325094
  0.702000  0.103690  0.191318  0.326721
  0.704000  0.118964  0.194059  0.325131
  0.706000  0.134212  0.196186  0.327237
  0.708000  0.147041  0.197949  0.326929
  0.710000  0.163718  0.200615  0.328351
  0.712000  0.179659  0.203739  0.328226
  0.714000  0.197505  0.205839  0.330130
  0.716000  0.214641  0.208023  0.329519
  0.718000  0.234379  0.210401  0.331295
  0.720000  0.254559  0.212407  0.331064
  0.722000  0.276234  0.214644  0.332573
  0.724000  0.298414  0.216938  0.332822
  0.726000  0.321912  0.218857  0.333903
  0.728000  0.346227  0.221066  0.334306
  0.730000  0.372036  0.223340  0.335425
  0.732000  0.398081  0.225932  0.334942
  0.734000  0.422912  0.227192  0.336220
  0.736000  0.448640  0.230514  0.336455
  0.738000  0.473995  0.232214  0.337515
  0.740000  0.496435  0.233765  0.337563
  0.742000  0.519687  0.235740  0.338649
  0.744000  0.542633  0.238428  0.338850
  0.746000  0.562334  0.239536  0.339353
  0.748000  0.579324  0.240420  0.339577
  0.750500  0.600737  0.243849  0.339543
  0.753500  0.620427  0.247131  0.340136
  0.756500  0.637024  0.247893  0.340676
  0.759500  0.650617  0.250877  0.341830
  0.762500  0.660214  0.253958  0.343239
  0.765500  0.667753  0.256705  0.342406
  0.768500  0.674394  0.259303  0.343510
  0.771500  0.678318  0.261615  0.344652
  0.774500  0.682628  0.263846  0.347028
  0.777500  0.685887  0.266551  0.346763
  0.781000  0.687648  0.270457  0.346516
  0.785000  0.690149  0.272148  0.346456
  0.789000  0.692082  0.276464  0.347963
  0.793000  0.693670  0.279238  0.350233
  0.797000  0.696020  0.282630  0.349878
  0.801500  0.697340  0.286662  0.349289
  0.806500  0.699305  0.290222  0.351342
  0.811500  0.700283  0.293972  0.351304
  0.816500  0.702094  0.298521  0.352289
  0.822000  0.704529  0.302123  0.352009
  0.828000  0.703194  0.309250  0.353325
  0.835000  0.702740  0.315880  0.353325
  0.843000  0.706344  0.321808  0.353325
  0.851000  0.707888  0.331974  0.357472
  0.859000  0.704440  0.333546  0.357063
  0.871000  0.704296  0.342620  0.356265
  0.883000  0.701953  0.348743  0.359522
  0.894000  0.705887  0.353491  0.360415
  0.904000  0.705305  0.361637  0.358315
  0.914000  0.704206  0.361416  0.357846
  0.924000  0.701151  0.368545  0.360724
  0.933000  0.697079  0.371601  0.363376
  0.941000  0.690606  0.377183  0.362479
  0.949000  0.679567  0.376635  0.363113
  0.957000  0.666270  0.377176  0.362575
  0.964000  0.660502  0.382634  0.361652
  0.970000  0.657557  0.384106  0.364411
  0.976000  0.657741  0.385442  0.362755
  0.982000  0.659765  0.386616  0.362658
  0.988000  0.658722  0.389073  0.362770
  0.994000  0.661666  0.389733  0.363143
  1.000000  0.666854  0.391007  0.362626
  1.006000  0.669279  0.392468  0.362091
  1.012000  0.672135  0.392545  0.360953
  1.018000  0.678730  0.393552  0.362586
  1.023500  0.680411  0.395731  0.363822
  1.028500  0.684176  0.397785  0.364416
  1.033500  0.688467  0.399620  0.363369
  1.038500  0.690359  0.400755  0.366653
  1.043500  0.694065  0.403829  0.364458
  1.048500  0.695414  0.400441  0.365252
  1.053500  0.695417  0.401368  0.366333
  1.058500  0.698315  0.404443  0.365446
  1.063500  0.698622  0.403921  0.365908
  1.068500  0.699681  0.406707  0.365680
  1.073500  0.698425  0.405916  0.364737
  1.078500  0.699726  0.408061  0.366142
  1.083500  0.699018  0.406722  0.369158
  1.088500  0.697826  0.408430  0.367385
  1.093500  0.698040  0.410708  0.366543
  1.098500  0.697068  0.409864  0.368250
  1.103500  0.692267  0.410242  0.367090
  1.108500  0.693503  0.412557  0.368786
  1.113500  0.689448  0.410114  0.368846
  1.118500  0.688786  0.410186  0.367617
  1.123500  0.683855  0.410276  0.368520
  1.128500  0.677640  0.410783  0.367882
  1.133500  0.665419  0.410197  0.367348
  1.138500  0.649685  0.408948  0.364736
  1.143500  0.630089  0.410055  0.362865
  1.148500  0.611689  0.410032  0.364828
  1.153500  0.598912  0.406654  0.363666
  1.158500  0.590301  0.404956  0.361293
  1.163500  0.584082  0.401268  0.360398
  1.168500  0.580897  0.401312  0.360179
  1.173500  0.577380  0.400736  0.358185
  1.178500  0.575447  0.401504  0.356687
  1.183500  0.573611  0.399081  0.356511
  1.188500  0.573642  0.400950  0.356413
  1.193500  0.572435  0.400317  0.356380
  1.198500  0.571314  0.400512  0.355500
  1.203500  0.571939  0.399095  0.355472
  1.208500  0.572024  0.401673  0.354062
  1.213500  0.574038  0.398743  0.353720
  1.218500  0.577332  0.399516  0.356017
  1.223500  0.578488  0.398983  0.355200
  1.228500  0.580684  0.401766  0.355750
  1.233500  0.582239  0.403525  0.356969
  1.238500  0.585406  0.405066  0.356805
  1.243500  0.587234  0.405935  0.358280
  1.248500  0.589846  0.406391  0.358393
  1.253500  0.591699  0.408109  0.360370
  1.258500  0.593290  0.408006  0.360318
  1.263500  0.593929  0.407873  0.360585
  1.268500  0.593712  0.407946  0.360462
  1.273500  0.593585  0.407573  0.359899
  1.278500  0.591286  0.408875  0.361107
  1.283500  0.590228  0.409136  0.361798
  1.288500  0.586407  0.409351  0.362245
  1.293500  0.583883  0.410152  0.361309
  1.298500  0.578460  0.411715  0.361508
  1.303500  0.572014  0.411160  0.362581
  1.308500  0.564553  0.410458  0.361374
  1.313500  0.554954  0.410736  0.362500
  1.318500  0.543440  0.409482  0.361881
  1.323500  0.531796  0.407106  0.360713
  1.328500  0.518062  0.403980  0.360542
  1.333500  0.504980  0.402378  0.358457
  1.338500  0.491245  0.399647  0.358549
  1.343500  0.477935  0.398716  0.355588
  1.348500  0.465173  0.393276  0.351905
  1.353500  0.456964  0.394096  0.350685
  1.358500  0.447636  0.392084  0.347798
  1.363500  0.436127  0.389323  0.346007
  1.368500  0.423687  0.388422  0.345032
  1.373500  0.406135  0.385457  0.343397
  1.378500  0.384963  0.380163  0.340500
  1.383500  0.351247  0.377225  0.341222
  1.388500  0.315199  0.372552  0.337577
  1.393500  0.276508  0.366977  0.331690
  1.398500  0.242288  0.357913  0.330419
  1.403500  0.212725  0.346301  0.322767
  1.408500  0.188796  0.337728  0.317245
  1.413500  0.176568  0.326321  0.307554
  1.418500  0.164965  0.316040  0.297863
  1.423500  0.157877  0.308586  0.291093
  1.428500  0.152003  0.303158  0.283598
  1.433500  0.148547  0.297042  0.280427
  1.438500  0.146096  0.295751  0.276068
  1.443500  0.141800  0.292620  0.274329
  1.448500  0.141761  0.289464  0.272552
  1.453500  0.141505  0.288726  0.272966
  1.458500  0.142681  0.290660  0.271201
  1.463500  0.144566  0.289718  0.273540
  1.468500  0.145215  0.289748  0.269690
  1.473500  0.150798  0.289079  0.270430
  1.478500  0.154816  0.288435  0.271013
  1.483500  0.160704  0.291032  0.272806
  1.488500  0.166111  0.291568  0.273522
  1.493500  0.173164  0.295888  0.274253
  1.498500  0.178977  0.294305  0.276133
  1.503500  0.185015  0.301513  0.277467
  1.508500  0.192154  0.300630  0.277453
  1.513500  0.198837  0.305869  0.278693
  1.518500  0.208087  0.306012  0.281212
  1.523500  0.215001  0.312246  0.280983
  1.528500  0.224076  0.310536  0.283248
  1.534000  0.231184  0.311490  0.283305
  1.540000  0.238460  0.315427  0.286555
  1.546000  0.247561  0.314758  0.286336
  1.552000  0.256786  0.318340  0.287266
  1.558000  0.263469  0.318366  0.289608
  1.564000  0.270747  0.320542  0.287790
  1.570500  0.278473  0.320988  0.287901
  1.577500  0.285962  0.321208  0.288567
  1.584500  0.293671  0.322422  0.290402
  1.591500  0.301474  0.326642  0.292143
  1.598500  0.308106  0.328667  0.293881
  1.605500  0.314022  0.330801  0.297766
  1.612500  0.319835  0.333605  0.298773
  1.619500  0.326855  0.336976  0.301173
  1.626500  0.330282  0.336901  0.303157
  1.633500  0.334972  0.338588  0.304898
  1.640500  0.337399  0.339840  0.306092
  1.647500  0.340705  0.341368  0.305839
  1.654500  0.344009  0.344595  0.306839
  1.661500  0.345648  0.340900  0.305159
  1.668500  0.347272  0.340752  0.305576
  1.676000  0.345544  0.340752  0.301276
  1.684000  0.342400  0.338509  0.298617
  1.692000  0.340576  0.336431  0.299266
  1.700000  0.338045  0.334580  0.298824
  1.708000  0.335074  0.326411  0.297660
  1.716000  0.329132  0.323348  0.289988
  1.724000  0.324106  0.322689  0.290677
  1.732000  0.315696  0.321503  0.288130
  1.740000  0.313777  0.321907  0.290103
  1.748000  0.305967  0.322640  0.292509
  1.756000  0.298631  0.320847  0.294051
  1.764000  0.292628  0.319683  0.290041
  1.772000  0.286372  0.320022  0.291023
  1.780000  0.284727  0.320349  0.289841
  1.788000  0.283619  0.320335  0.294455
  1.796000  0.282033  0.322118  0.290833
  1.805000  0.282003  0.320450  0.292509
  1.815000  0.282545  0.322125  0.293578
  1.825000  0.282689  0.322984  0.292046
  1.835000  0.279525  0.324685  0.294978
  1.845000  0.269230  0.322380  0.297987
  1.855000  0.249784  0.324056  0.298985
  1.865000  0.218418  0.319021  0.297298
  1.875000  0.166816  0.305456  0.290785
  1.885000  0.114062  0.283801  0.279644
  1.895000  0.073215  0.251861  0.253149
  1.905000  0.053837  0.214151  0.227300
  1.915000  0.044076  0.189063  0.207394
  1.925000  0.042853  0.176468  0.198489
  1.935000  0.041857  0.174218  0.200370
  1.945000  0.041896  0.178266  0.206771
  1.955000  0.043198  0.185309  0.211735
  1.965000  0.050797  0.190995  0.223610
  1.975000  0.052931  0.200294  0.230660
  1.985000  0.059399  0.208680  0.234711
  1.995000  0.062343  0.215166  0.243020
  2.005000  0.069041  0.226441  0.243604
  2.015000  0.077039  0.227981  0.245989
  2.025000  0.081492  0.229982  0.240195
  2.035000  0.086543  0.229961  0.235747
  2.045000  0.091333  0.229055  0.225799
  2.055000  0.100077  0.228566  0.218239
  2.065000  0.105404  0.222017  0.210890
  2.075000  0.111779  0.218101  0.207281
  2.085000  0.117724  0.215677  0.207568
  2.095000  0.123783  0.215379  0.198409
  2.105000  0.132074  0.216211  0.202349
  2.115000  0.138201  0.217995  0.202673
  2.125000  0.143382  0.218194  0.205032
  2.135000  0.144269  0.220122  0.209151
  2.145000  0.152368  0.224565  0.212034
  2.155000  0.153153  0.226974  0.211478
  2.165000  0.158040  0.229729  0.217410
  2.175000  0.158683  0.232704  0.220343
  2.185000  0.160373  0.238531  0.219485
  2.195000  0.164930  0.238023  0.220148
  2.205000  0.165152  0.240762  0.222516
  2.215000  0.167285  0.243288  0.224424
  2.225000  0.167537  0.241469  0.221953
  2.235000  0.163787  0.236317  0.215372
  2.245000  0.164394  0.225549  0.206529
  2.255000  0.153854  0.219269  0.198802
  2.265000  0.156215  0.211649  0.194618
  2.275000  0.147711  0.206144  0.189680
  2.285000  0.141789  0.204999  0.189713
  2.295000  0.133955  0.199533  0.191911
  2.305000  0.126826  0.197572  0.184780
  2.315000  0.124195  0.187076  0.182665
  2.325000  0.118855  0.188362  0.180811
  2.335000  0.114080  0.189142  0.180117
  2.345000  0.109060  0.183118  0.177039
  2.355000  0.103807  0.185541  0.177044
  2.365000  0.101567  0.186128  0.181107
  2.375000  0.097084  0.185956  0.181688
  2.386000  0.090936  0.183885  0.179400
  2.400000  0.083770  0.180993  0.179187
  2.418000  0.075557  0.174764  0.171317
  2.440000  0.066522  0.164678  0.160243
  2.466000  0.055096  0.147435  0.144688
  2.496000  0.046107  0.133712  0.134727
  2.528000  0.042232  0.135869  0.138442
  2.560000  0.043911  0.139867  0.143305
