  0.400000  0.039497
  0.401000  0.037580
  0.402000  0.041000
  0.403000  0.040921
  0.404000  0.043092
  0.405000  0.041105
  0.406000  0.041384
  0.407000  0.042289
  0.408000  0.041732
  0.409000  0.041093
  0.410000  0.041050
  0.411000  0.043526
  0.412000  0.041605
  0.413000  0.043796
  0.414000  0.041761
  0.415000  0.042644
  0.416000  0.044829
  0.417000  0.045129
  0.418000  0.044784
  0.419000  0.042340
  0.420000  0.041954
  0.421000  0.043639
  0.422000  0.044830
  0.423000  0.044172
  0.424000  0.047417
  0.425000  0.047198
  0.426000  0.044589
  0.427000  0.045525
  0.428000  0.046280
  0.429000  0.047315
  0.430000  0.047375
  0.431000  0.046791
  0.432000  0.049149
  0.433000  0.047970
  0.434000  0.048775
  0.435000  0.048549
  0.436000  0.047507
  0.437000  0.050758
  0.438000  0.049584
  0.439000  0.048421
  0.440000  0.050971
  0.441000  0.050243
  0.442000  0.050080
  0.443000  0.048255
  0.444000  0.048983
  0.445000  0.053081
  0.446000  0.052908
  0.447000  0.049781
  0.448000  0.050512
  0.449000  0.052049
  0.450000  0.051080
  0.451000  0.054052
  0.452000  0.050698
  0.453000  0.052105
  0.454000  0.054592
  0.455000  0.053743
  0.456000  0.052711
  0.457000  0.054378
  0.458000  0.050880
  0.459000  0.054575
  0.460000  0.052706
  0.461000  0.052119
  0.462000  0.053881
  0.463000  0.053199
  0.464000  0.051758
  0.465000  0.052714
  0.466000  0.051093
  0.467000  0.052351
  0.468000  0.050573
  0.469000  0.052286
  0.470000  0.053801
  0.471000  0.052344
  0.472000  0.053188
  0.473000  0.052721
  0.474000  0.053271
  0.475000  0.053874
  0.476000  0.054550
  0.477000  0.051837
  0.478000  0.054229
  0.479000  0.055096
  0.480000  0.053959
  0.481000  0.054597
  0.482000  0.055464
  0.483000  0.053913
  0.484000  0.055271
  0.485000  0.053703
  0.486000  0.054328
  0.487000  0.052505
  0.488000  0.053138
  0.489000  0.054313
  0.490000  0.055170
  0.491000  0.054086
  0.492000  0.055515
  0.493000  0.058341
  0.494000  0.057718
  0.495000  0.058134
  0.496000  0.059053
  0.497000  0.057526
  0.498000  0.062107
  0.499000  0.058471
  0.500000  0.060939
  0.501000  0.061469
  0.502000  0.062360
  0.503000  0.065503
  0.504000  0.063898
  0.505000  0.066317
  0.506000  0.066654
  0.507000  0.072420
  0.508000  0.070447
  0.509000  0.070492
  0.510000  0.071104
  0.511000  0.075634
  0.512000  0.079577
  0.513000  0.082622
  0.514000  0.083750
  0.515000  0.087349
  0.516000  0.090638
  0.517000  0.091244
  0.518000  0.097196
  0.519000  0.098026
  0.520000  0.102923
  0.521000  0.107459
  0.522000  0.111183
  0.523000  0.114492
  0.524000  0.118979
  0.525000  0.118673
  0.526000  0.121356
  0.527000  0.128270
  0.528000  0.127361
  0.529000  0.129669
  0.530000  0.132929
  0.531000  0.134731
  0.532000  0.137204
  0.533000  0.143099
  0.534000  0.142175
  0.535000  0.145965
  0.536000  0.143020
  0.537000  0.147936
  0.538000  0.149120
  0.539000  0.149484
  0.540000  0.150648
  0.541000  0.151124
  0.542000  0.149085
  0.543000  0.152393
  0.544000  0.153443
  0.545000  0.153145
  0.546000  0.157002
  0.547000  0.154357
  0.548000  0.157770
  0.549000  0.154928
  0.550000  0.154948
  0.551000  0.156053
  0.552000  0.157541
  0.553000  0.155903
  0.554000  0.157078
  0.555000  0.153515
  0.556000  0.154208
  0.557000  0.154769
  0.558000  0.151944
  0.559000  0.150248
  0.560000  0.152194
  0.561000  0.152305
  0.562000  0.152300
  0.563000  0.156307
  0.564000  0.157500
  0.565000  0.154774
  0.566000  0.152235
  0.567000  0.150973
  0.568000  0.149814
  0.569000  0.149978
  0.570000  0.146344
  0.571000  0.145396
  0.572000  0.141073
  0.573000  0.142630
  0.574000  0.139066
  0.575000  0.138894
  0.576000  0.138213
  0.577000  0.133964
  0.578000  0.134039
  0.579000  0.132616
  0.580000  0.132487
  0.581000  0.130316
  0.582000  0.130246
  0.583000  0.128744
  0.584000  0.126413
  0.585000  0.125284
  0.586000  0.123957
  0.587000  0.123041
  0.588000  0.122653
  0.589000  0.121209
  0.590000  0.119368
  0.591000  0.120671
  0.592000  0.120916
  0.593000  0.117819
  0.594000  0.115104
  0.595000  0.113135
  0.596000  0.115488
  0.597000  0.115449
  0.598000  0.114092
  0.599000  0.112805
  0.600000  0.113397
  0.601000  0.112244
  0.602000  0.112023
  0.603000  0.110687
  0.604000  0.109316
  0.605000  0.110308
  0.606000  0.107999
  0.607000  0.107160
  0.608000  0.105959
  0.609000  0.106039
  0.610000  0.104011
  0.611000  0.102938
  0.612000  0.102584
  0.613000  0.103123
  0.614000  0.101965
  0.615000  0.099518
  0.616000  0.101040
  0.617000  0.098527
  0.618000  0.098288
  0.619000  0.099047
  0.620000  0.100058
  0.621000  0.097170
  0.622000  0.096435
  0.623000  0.098415
  0.624000  0.097029
  0.625000  0.096709
  0.626000  0.096942
  0.627000  0.095169
  0.628000  0.097127
  0.629000  0.099260
  0.630000  0.098426
  0.631000  0.097457
  0.632000  0.097917
  0.633000  0.095110
  0.634000  0.095504
  0.635000  0.095749
  0.636000  0.094355
  0.637000  0.094162
  0.638000  0.095184
  0.639000  0.090450
  0.640000  0.094118
  0.641000  0.092408
  0.642000  0.092784
  0.643000  0.090441
  0.644000  0.087765
  0.645000  0.088629
  0.646000  0.087308
  0.647000  0.087582
  0.648000  0.088743
  0.649000  0.087242
  0.650000  0.085379
  0.651000  0.085698
  0.652000  0.083959
  0.653000  0.084621
  0.654000  0.082297
  0.655000  0.083999
  0.656000  0.083111
  0.657000  0.081522
  0.658000  0.082049
  0.659000  0.080913
  0.660000  0.080207
  0.661000  0.079933
  0.662000  0.079032
  0.663000  0.077193
  0.664000  0.080228
  0.665000  0.079040
  0.666000  0.078289
  0.667000  0.074968
  0.668000  0.077095
  0.669000  0.076269
  0.670000  0.073776
  0.671000  0.075852
  0.672000  0.074306
  0.673000  0.075057
  0.674000  0.076512
  0.675000  0.077060
  0.676000  0.075981
  0.677000  0.073768
  0.678000  0.075114
  0.679000  0.077024
  0.680000  0.079041
  0.681000  0.080253
  0.682000  0.078575
  0.683000  0.080536
  0.684000  0.083285
  0.685000  0.085748
  0.686000  0.087162
  0.687000  0.088386
  0.688000  0.093185
  0.689000  0.097375
  0.690000  0.102156
  0.691000  0.108710
  0.692000  0.116472
  0.693000  0.124773
  0.694000  0.132148
  0.695000  0.141981
  0.696000  0.152526
  0.697000  0.160034
  0.698000  0.173675
  0.699000  0.187132
  0.700000  0.198145
  0.701000  0.203613
  0.702000  0.221581
  0.703000  0.235248
  0.704000  0.248464
  0.705000  0.260929
  0.706000  0.272069
  0.707000  0.287499
  0.708000  0.297956
  0.709000  0.310734
  0.710000  0.326416
  0.711000  0.337886
  0.712000  0.347777
  0.713000  0.362421
  0.714000  0.373652
  0.715000  0.386928
  0.716000  0.401856
  0.717000  0.411638
  0.718000  0.422822
  0.719000  0.432739
  0.720000  0.445073
  0.721000  0.460496
  0.722000  0.470762
  0.723000  0.482889
  0.724000  0.492902
  0.725000  0.505311
  0.726000  0.516068
  0.727000  0.525714
  0.728000  0.535276
  0.729000  0.544708
  0.730000  0.553635
  0.731000  0.560083
  0.732000  0.568571
  0.733000  0.576359
  0.734000  0.586908
  0.735000  0.592712
  0.736000  0.596906
  0.737000  0.604858
  0.738000  0.608619
  0.739000  0.614201
  0.740000  0.619264
  0.741000  0.623499
  0.742000  0.628116
  0.743000  0.630994
  0.744000  0.639986
  0.745000  0.642515
  0.746000  0.643198
  0.747000  0.645566
  0.748000  0.648349
  0.749000  0.652209
  0.750000  0.652333
  0.751000  0.654991
  0.752000  0.659292
  0.753000  0.660711
  0.754000  0.662636
  0.755000  0.664377
  0.756000  0.666410
  0.757000  0.665406
  0.758000  0.667609
  0.759000  0.670012
  0.760000  0.669720
  0.761000  0.671657
  0.762000  0.673281
  0.763000  0.671337
  0.764000  0.672500
  0.765000  0.674759
  0.766000  0.672920
  0.767000  0.672110
  0.768000  0.677587
  0.769000  0.675692
  0.770000  0.676940
  0.771000  0.674648
  0.772000  0.674310
  0.773000  0.676338
  0.774000  0.678992
  0.775000  0.677630
  0.776000  0.678299
  0.777000  0.680797
  0.778000  0.682371
  0.779000  0.681105
  0.780000  0.682091
  0.781000  0.680122
  0.782000  0.679519
  0.783000  0.681222
  0.784000  0.677686
  0.785000  0.680120
  0.786000  0.680220
  0.787000  0.679383
  0.788000  0.681246
  0.789000  0.680717
  0.790000  0.683191
  0.791000  0.681714
  0.792000  0.683917
  0.793000  0.682804
  0.794000  0.685030
  0.795000  0.690935
  0.796000  0.687764
  0.797000  0.683916
  0.798000  0.667056
  0.799000  0.667056
  0.800000  0.685106
  0.801000  0.685106
  0.802000  0.685106
  0.803000  0.682180
  0.804000  0.685645
  0.805000  0.682072
  0.806000  0.682165
  0.807000  0.681593
  0.808000  0.684021
  0.809000  0.685057
  0.810000  0.686384
  0.811000  0.681532
  0.812000  0.686257
  0.813000  0.690801
  0.814000  0.689389
  0.815000  0.688155
  0.816000  0.688691
  0.817000  0.687977
  0.818000  0.689567
  0.819000  0.688111
  0.820000  0.689300
  0.821000  0.689403
  0.822000  0.692858
  0.823000  0.692992
  0.824000  0.691295
  0.825000  0.689282
  0.826000  0.689229
  0.827000  0.690672
  0.828000  0.687233
  0.829000  0.687706
  0.830000  0.692017
  0.831000  0.693252
  0.832000  0.694905
  0.833000  0.694209
  0.834000  0.693394
  0.835000  0.691420
  0.836000  0.696654
  0.837000  0.696721
  0.838000  0.694355
  0.839000  0.697373
  0.840000  0.698086
  0.841000  0.692818
  0.842000  0.696285
  0.843000  0.695239
  0.844000  0.697534
  0.845000  0.699449
  0.846000  0.699186
  0.847000  0.699665
  0.848000  0.696458
  0.849000  0.699352
  0.850000  0.699073
  0.851000  0.696714
  0.852000  0.699309
  0.853000  0.699147
  0.854000  0.694983
  0.855000  0.695327
  0.856000  0.694800
  0.857000  0.693424
  0.858000  0.689588
  0.859000  0.695100
  0.860000  0.694281
  0.861000  0.694113
  0.862000  0.693629
  0.863000  0.696628
  0.864000  0.696517
  0.865000  0.699743
  0.866000  0.700252
  0.867000  0.698550
  0.868000  0.699836
  0.869000  0.700662
  0.870000  0.700952
  0.871000  0.699055
  0.872000  0.697791
  0.873000  0.698782
  0.874000  0.700160
  0.875000  0.700010
  0.876000  0.700362
  0.877000  0.698634
  0.878000  0.699340
  0.879000  0.695630
  0.880000  0.703776
  0.881000  0.700093
  0.882000  0.696193
  0.883000  0.697784
  0.884000  0.696448
  0.885000  0.702254
  0.886000  0.700856
  0.887000  0.695843
  0.888000  0.699730
  0.889000  0.699714
  0.890000  0.699657
  0.891000  0.698901
  0.892000  0.698769
  0.893000  0.698997
  0.894000  0.696339
  0.895000  0.694476
  0.896000  0.690089
  0.897000  0.693385
  0.898000  0.698492
  0.899000  0.699773
  0.900000  0.701553
  0.901000  0.697352
  0.902000  0.698411
  0.903000  0.701125
  0.904000  0.700858
  0.905000  0.703964
  0.906000  0.702515
  0.907000  0.698848
  0.908000  0.702453
  0.909000  0.703214
  0.910000  0.700212
  0.911000  0.699033
  0.912000  0.697557
  0.913000  0.698997
  0.914000  0.702018
  0.915000  0.697935
  0.916000  0.703107
  0.917000  0.697856
  0.918000  0.695195
  0.919000  0.702133
  0.920000  0.696785
  0.921000  0.696414
  0.922000  0.698126
  0.923000  0.700159
  0.924000  0.698285
  0.925000  0.695289
  0.926000  0.694751
  0.927000  0.695503
  0.928000  0.696825
  0.929000  0.699946
  0.930000  0.697097
  0.931000  0.697780
  0.932000  0.697816
  0.933000  0.695919
  0.934000  0.692625
  0.935000  0.696593
  0.936000  0.693090
  0.937000  0.693617
  0.938000  0.694442
  0.939000  0.692920
  0.940000  0.695112
  0.941000  0.694903
  0.942000  0.691807
  0.943000  0.691124
  0.944000  0.695089
  0.945000  0.693899
  0.946000  0.687602
  0.947000  0.687689
  0.948000  0.688181
  0.949000  0.682442
  0.950000  0.684964
  0.951000  0.686571
  0.952000  0.682367
  0.953000  0.679566
  0.954000  0.684204
  0.955000  0.677673
  0.956000  0.680921
  0.957000  0.681639
  0.958000  0.677061
  0.959000  0.675827
  0.960000  0.671627
  0.961000  0.673876
  0.962000  0.674503
  0.963000  0.674507
  0.964000  0.675632
  0.965000  0.675439
  0.966000  0.673880
  0.967000  0.678189
  0.968000  0.676401
  0.969000  0.675318
  0.970000  0.673384
  0.971000  0.670711
  0.972000  0.671489
  0.973000  0.680065
  0.974000  0.679778
  0.975000  0.673166
  0.976000  0.677132
  0.977000  0.674746
  0.978000  0.678818
  0.979000  0.677120
  0.980000  0.676787
  0.981000  0.676192
  0.982000  0.674850
  0.983000  0.672446
  0.984000  0.676344
  0.985000  0.677200
  0.986000  0.673503
  0.987000  0.674375
  0.988000  0.674465
  0.989000  0.675747
  0.990000  0.680238
  0.991000  0.675657
  0.992000  0.675985
  0.993000  0.681223
  0.994000  0.685727
  0.995000  0.679179
  0.996000  0.675083
  0.997000  0.681278
  0.998000  0.687229
  0.999000  0.683106
  1.000000  0.681696
  1.001000  0.680498
  1.002000  0.683225
  1.003000  0.682634
  1.004000  0.688704
  1.005000  0.689344
  1.006000  0.687890
  1.007000  0.689587
  1.008000  0.689780
  1.009000  0.688900
  1.010000  0.687260
  1.011000  0.689499
  1.012000  0.667621
  1.013000  0.686864
  1.014000  0.690386
  1.015000  0.688261
  1.016000  0.686270
  1.017000  0.693193
  1.018000  0.695589
  1.019000  0.696135
  1.020000  0.697098
  1.021000  0.698386
  1.022000  0.695762
  1.023000  0.699216
  1.024000  0.696680
  1.025000  0.699307
  1.026000  0.697187
  1.027000  0.698149
  1.028000  0.700579
  1.029000  0.698228
  1.030000  0.698786
  1.031000  0.700377
  1.032000  0.698335
  1.033000  0.700005
  1.034000  0.703860
  1.035000  0.699823
  1.036000  0.696388
  1.037000  0.700614
  1.038000  0.702513
  1.039000  0.705978
  1.040000  0.704502
  1.041000  0.705223
  1.042000  0.702708
  1.043000  0.708475
  1.044000  0.709222
  1.045000  0.709162
  1.046000  0.708566
  1.047000  0.708634
  1.048000  0.710937
  1.049000  0.711857
  1.050000  0.712392
  1.051000  0.711418
  1.052000  0.708698
  1.053000  0.712911
  1.054000  0.711524
  1.055000  0.707912
  1.056000  0.707322
  1.057000  0.709463
  1.058000  0.710607
  1.059000  0.711239
  1.060000  0.711811
  1.061000  0.715484
  1.062000  0.718750
  1.063000  0.715475
  1.064000  0.716215
  1.065000  0.716521
  1.066000  0.711779
  1.067000  0.712003
  1.068000  0.710449
  1.069000  0.714449
  1.070000  0.715994
  1.071000  0.713895
  1.072000  0.713515
  1.073000  0.711871
  1.074000  0.714417
  1.075000  0.711762
  1.076000  0.714423
  1.077000  0.712817
  1.078000  0.711748
  1.079000  0.714630
  1.080000  0.709966
  1.081000  0.715072
  1.082000  0.718126
  1.083000  0.720922
  1.084000  0.715930
  1.085000  0.712768
  1.086000  0.713016
  1.087000  0.714107
  1.088000  0.715405
  1.089000  0.712180
  1.090000  0.713875
  1.091000  0.712112
  1.092000  0.711973
  1.093000  0.712556
  1.094000  0.711489
  1.095000  0.714702
  1.096000  0.713776
  1.097000  0.712136
  1.098000  0.713199
  1.099000  0.712377
  1.100000  0.713214
  1.101000  0.711175
  1.102000  0.711219
  1.103000  0.711823
  1.104000  0.713103
  1.105000  0.708734
  1.106000  0.710461
  1.107000  0.709458
  1.108000  0.710939
  1.109000  0.712668
  1.110000  0.713614
  1.111000  0.712169
  1.112000  0.710937
  1.113000  0.711048
  1.114000  0.709917
  1.115000  0.712589
  1.116000  0.709411
  1.117000  0.706730
  1.118000  0.703393
  1.119000  0.700376
  1.120000  0.703236
  1.121000  0.703609
  1.122000  0.705674
  1.123000  0.706674
  1.124000  0.702092
  1.125000  0.698918
  1.126000  0.699034
  1.127000  0.697731
  1.128000  0.696643
  1.129000  0.690210
  1.130000  0.689987
  1.131000  0.690348
  1.132000  0.690138
  1.133000  0.683390
  1.134000  0.682256
  1.135000  0.680112
  1.136000  0.672538
  1.137000  0.671713
  1.138000  0.669459
  1.139000  0.668964
  1.140000  0.666374
  1.141000  0.661549
  1.142000  0.659063
  1.143000  0.656239
  1.144000  0.652901
  1.145000  0.655420
  1.146000  0.651991
  1.147000  0.646051
  1.148000  0.643918
  1.149000  0.643964
  1.150000  0.639782
  1.151000  0.640263
  1.152000  0.639306
  1.153000  0.635497
  1.154000  0.634953
  1.155000  0.634021
  1.156000  0.632040
  1.157000  0.630962
  1.158000  0.630540
  1.159000  0.628105
  1.160000  0.625003
  1.161000  0.625093
  1.162000  0.628504
  1.163000  0.627811
  1.164000  0.625581
  1.165000  0.622863
  1.166000  0.621984
  1.167000  0.622935
  1.168000  0.621819
  1.169000  0.620823
  1.170000  0.619577
  1.171000  0.619086
  1.172000  0.619062
  1.173000  0.619052
  1.174000  0.618645
  1.175000  0.616491
  1.176000  0.618250
  1.177000  0.616792
  1.178000  0.614998
  1.179000  0.612037
  1.180000  0.614331
  1.181000  0.610819
  1.182000  0.615730
  1.183000  0.610189
  1.184000  0.608911
  1.185000  0.609749
  1.186000  0.611696
  1.187000  0.608423
  1.188000  0.608150
  1.189000  0.610552
  1.190000  0.612924
  1.191000  0.611230
  1.192000  0.610750
  1.193000  0.609852
  1.194000  0.607450
  1.195000  0.607914
  1.196000  0.609393
  1.197000  0.610045
  1.198000  0.607110
  1.199000  0.605373
  1.200000  0.604310
  1.201000  0.606734
  1.202000  0.608936
  1.203000  0.608627
  1.204000  0.613579
  1.205000  0.609129
  1.206000  0.608293
  1.207000  0.608833
  1.208000  0.606899
  1.209000  0.609580
  1.210000  0.609058
  1.211000  0.609054
  1.212000  0.609476
  1.213000  0.609838
  1.214000  0.611228
  1.215000  0.612818
  1.216000  0.611454
  1.217000  0.613689
  1.218000  0.610869
  1.219000  0.617537
  1.220000  0.619782
  1.221000  0.624091
  1.222000  0.622160
  1.223000  0.619825
  1.224000  0.620388
  1.225000  0.622904
  1.226000  0.624732
  1.227000  0.622885
  1.228000  0.627461
  1.229000  0.628763
  1.230000  0.627377
  1.231000  0.630303
  1.232000  0.631960
  1.233000  0.631087
  1.234000  0.631020
  1.235000  0.629674
  1.236000  0.634942
  1.237000  0.635743
  1.238000  0.633539
  1.239000  0.634494
  1.240000  0.632755
  1.241000  0.636977
  1.242000  0.635701
  1.243000  0.635811
  1.244000  0.635921
  1.245000  0.638793
  1.246000  0.639728
  1.247000  0.636605
  1.248000  0.636903
  1.249000  0.638564
  1.250000  0.638961
  1.251000  0.638623
  1.252000  0.641204
  1.253000  0.642074
  1.254000  0.638933
  1.255000  0.640297
  1.256000  0.640676
  1.257000  0.640796
  1.258000  0.642704
  1.259000  0.640440
  1.260000  0.642513
  1.261000  0.640990
  1.262000  0.640980
  1.263000  0.645473
  1.264000  0.644388
  1.265000  0.643140
  1.266000  0.646273
  1.267000  0.645287
  1.268000  0.645005
  1.269000  0.641588
  1.270000  0.642228
  1.271000  0.644822
  1.272000  0.646313
  1.273000  0.642417
  1.274000  0.640010
  1.275000  0.638833
  1.276000  0.642322
  1.277000  0.644389
  1.278000  0.641581
  1.279000  0.640817
  1.280000  0.644359
  1.281000  0.638785
  1.282000  0.636105
  1.283000  0.636921
  1.284000  0.639302
  1.285000  0.642805
  1.286000  0.637951
  1.287000  0.636108
  1.288000  0.636506
  1.289000  0.633614
  1.290000  0.637020
  1.291000  0.637233
  1.292000  0.633003
  1.293000  0.637801
  1.294000  0.635886
  1.295000  0.635131
  1.296000  0.635721
  1.297000  0.632675
  1.298000  0.628511
  1.299000  0.630220
  1.300000  0.632028
  1.301000  0.629025
  1.302000  0.624443
  1.303000  0.620306
  1.304000  0.621325
  1.305000  0.624241
  1.306000  0.622347
  1.307000  0.621277
  1.308000  0.614948
  1.309000  0.612631
  1.310000  0.610404
  1.311000  0.609892
  1.312000  0.610836
  1.313000  0.609800
  1.314000  0.608691
  1.315000  0.607444
  1.316000  0.609558
  1.317000  0.603446
  1.318000  0.603233
  1.319000  0.602041
  1.320000  0.595833
  1.321000  0.596359
  1.322000  0.597601
  1.323000  0.591178
  1.324000  0.586841
  1.325000  0.585086
  1.326000  0.581476
  1.327000  0.581456
  1.328000  0.578519
  1.329000  0.575744
  1.330000  0.575562
  1.331000  0.567950
  1.332000  0.565131
  1.333000  0.568020
  1.334000  0.567423
  1.335000  0.566491
  1.336000  0.563353
  1.337000  0.555687
  1.338000  0.556466
  1.339000  0.556919
  1.340000  0.555704
  1.341000  0.546413
  1.342000  0.546372
  1.343000  0.544900
  1.344000  0.544784
  1.345000  0.540363
  1.346000  0.539588
  1.347000  0.539031
  1.348000  0.536281
  1.349000  0.533877
  1.350000  0.530987
  1.351000  0.526925
  1.352000  0.525930
  1.353000  0.524645
  1.354000  0.524189
  1.355000  0.520911
  1.356000  0.516767
  1.357000  0.514134
  1.358000  0.510347
  1.359000  0.511300
  1.360000  0.509147
  1.361000  0.508701
  1.362000  0.507961
  1.363000  0.506499
  1.364000  0.498201
  1.365000  0.493326
  1.366000  0.496581
  1.367000  0.490945
  1.368000  0.485836
  1.369000  0.489599
  1.370000  0.487435
  1.371000  0.480273
  1.372000  0.474570
  1.373000  0.471091
  1.374000  0.467167
  1.375000  0.459862
  1.376000  0.453776
  1.377000  0.444657
  1.378000  0.441069
  1.379000  0.429854
  1.380000  0.427865
  1.381000  0.423132
  1.382000  0.411563
  1.383000  0.403107
  1.384000  0.396123
  1.385000  0.389610
  1.386000  0.382290
  1.387000  0.371811
  1.388000  0.363159
  1.389000  0.349753
  1.390000  0.342210
  1.391000  0.333192
  1.392000  0.327971
  1.393000  0.321207
  1.394000  0.312838
  1.395000  0.304212
  1.396000  0.297732
  1.397000  0.289384
  1.398000  0.277778
  1.399000  0.274350
  1.400000  0.270719
  1.401000  0.264696
  1.402000  0.257406
  1.403000  0.252352
  1.404000  0.245045
  1.405000  0.239988
  1.406000  0.236008
  1.407000  0.231178
  1.408000  0.227005
  1.409000  0.221822
  1.410000  0.216605
  1.411000  0.215010
  1.412000  0.207194
  1.413000  0.202529
  1.414000  0.197398
  1.415000  0.197070
  1.416000  0.196635
  1.417000  0.196023
  1.418000  0.190387
  1.419000  0.190211
  1.420000  0.187839
  1.421000  0.186105
  1.422000  0.183554
  1.423000  0.181814
  1.424000  0.181292
  1.425000  0.181895
  1.426000  0.181677
  1.427000  0.178031
  1.428000  0.174707
  1.429000  0.173678
  1.430000  0.171203
  1.431000  0.170561
  1.432000  0.174222
  1.433000  0.173077
  1.434000  0.169813
  1.435000  0.168305
  1.436000  0.168170
  1.437000  0.167457
  1.438000  0.168547
  1.439000  0.167789
  1.440000  0.164162
  1.441000  0.165371
  1.442000  0.168020
  1.443000  0.163097
  1.444000  0.162941
  1.445000  0.164091
  1.446000  0.165494
  1.447000  0.165199
  1.448000  0.166230
  1.449000  0.166619
  1.450000  0.162155
  1.451000  0.165195
  1.452000  0.165344
  1.453000  0.165499
  1.454000  0.167906
  1.455000  0.165620
  1.456000  0.165247
  1.457000  0.165650
  1.458000  0.167769
  1.459000  0.164949
  1.460000  0.166575
  1.461000  0.167336
  1.462000  0.165118
  1.463000  0.166885
  1.464000  0.165490
  1.465000  0.167259
  1.466000  0.169867
  1.467000  0.169945
  1.468000  0.169853
  1.469000  0.171363
  1.470000  0.170426
  1.471000  0.173832
  1.472000  0.175025
  1.473000  0.173484
  1.474000  0.171432
  1.475000  0.175249
  1.476000  0.179054
  1.477000  0.181234
  1.478000  0.179632
  1.479000  0.180336
  1.480000  0.185665
  1.481000  0.185669
  1.482000  0.184884
  1.483000  0.185647
  1.484000  0.187341
  1.485000  0.189822
  1.486000  0.191135
  1.487000  0.190627
  1.488000  0.192701
  1.489000  0.194287
  1.490000  0.195552
  1.491000  0.197882
  1.492000  0.200262
  1.493000  0.198802
  1.494000  0.203128
  1.495000  0.204800
  1.496000  0.204366
  1.497000  0.202913
  1.498000  0.203903
  1.499000  0.207314
  1.500000  0.207449
  1.501000  0.209503
  1.502000  0.213374
  1.503000  0.217958
  1.504000  0.218707
  1.505000  0.218740
  1.506000  0.216369
  1.507000  0.219870
  1.508000  0.219279
  1.509000  0.224580
  1.510000  0.226071
  1.511000  0.231340
  1.512000  0.234995
  1.513000  0.231720
  1.514000  0.232752
  1.515000  0.235828
  1.516000  0.235616
  1.517000  0.236194
  1.518000  0.235657
  1.519000  0.237843
  1.520000  0.240564
  1.521000  0.243216
  1.522000  0.243678
  1.523000  0.246637
  1.524000  0.242912
  1.525000  0.242669
  1.526000  0.246416
  1.527000  0.246374
  1.528000  0.249662
  1.529000  0.253930
  1.530000  0.258193
  1.531000  0.258425
  1.532000  0.261080
  1.533000  0.258405
  1.534000  0.258427
  1.535000  0.259753
  1.536000  0.261865
  1.537000  0.263097
  1.538000  0.264153
  1.539000  0.263684
  1.540000  0.265664
  1.541000  0.269781
  1.542000  0.269881
  1.543000  0.266184
  1.544000  0.266968
  1.545000  0.271603
  1.546000  0.272710
  1.547000  0.272417
  1.548000  0.276386
  1.549000  0.278263
  1.550000  0.273982
  1.551000  0.280980
  1.552000  0.282737
  1.553000  0.280449
  1.554000  0.278963
  1.555000  0.279343
  1.556000  0.283266
  1.557000  0.283736
  1.558000  0.283189
  1.559000  0.286565
  1.560000  0.285587
  1.561000  0.287685
  1.562000  0.288265
  1.563000  0.291456
  1.564000  0.295242
  1.565000  0.292918
  1.566000  0.292244
  1.567000  0.294060
  1.568000  0.293688
  1.569000  0.297141
  1.570000  0.297366
  1.571000  0.297272
  1.572000  0.295724
  1.573000  0.298898
  1.574000  0.301107
  1.575000  0.300521
  1.576000  0.300477
  1.577000  0.301632
  1.578000  0.302944
  1.579000  0.303981
  1.580000  0.307116
  1.581000  0.306047
  1.582000  0.308726
  1.583000  0.306949
  1.584000  0.307877
  1.585000  0.313123
  1.586000  0.312988
  1.587000  0.312839
  1.588000  0.316829
  1.589000  0.314109
  1.590000  0.316937
  1.591000  0.317197
  1.592000  0.316973
  1.593000  0.320847
  1.594000  0.320678
  1.595000  0.322378
  1.596000  0.322950
  1.597000  0.321194
  1.598000  0.323632
  1.599000  0.325783
  1.600000  0.326796
  1.601000  0.329049
  1.602000  0.327803
  1.603000  0.328693
  1.604000  0.329185
  1.605000  0.329639
  1.606000  0.333065
  1.607000  0.338593
  1.608000  0.335389
  1.609000  0.334381
  1.610000  0.334508
  1.611000  0.334450
  1.612000  0.335760
  1.613000  0.339687
  1.614000  0.339835
  1.615000  0.341398
  1.616000  0.341129
  1.617000  0.341958
  1.618000  0.340128
  1.619000  0.341342
  1.620000  0.345694
  1.621000  0.345431
  1.622000  0.345213
  1.623000  0.348434
  1.624000  0.345957
  1.625000  0.345816
  1.626000  0.346957
  1.627000  0.349965
  1.628000  0.349804
  1.629000  0.350836
  1.630000  0.351619
  1.631000  0.356531
  1.632000  0.353229
  1.633000  0.351350
  1.634000  0.350595
  1.635000  0.354640
  1.636000  0.353650
  1.637000  0.353121
  1.638000  0.352479
  1.639000  0.352707
  1.640000  0.351245
  1.641000  0.352929
  1.642000  0.353889
  1.643000  0.354490
  1.644000  0.354996
  1.645000  0.355924
  1.646000  0.358100
  1.647000  0.357003
  1.648000  0.356430
  1.649000  0.353361
  1.650000  0.353355
  1.651000  0.354444
  1.652000  0.351523
  1.653000  0.354959
  1.654000  0.354758
  1.655000  0.352967
  1.656000  0.354781
  1.657000  0.350386
  1.658000  0.353386
  1.659000  0.353876
  1.660000  0.351973
  1.661000  0.349659
  1.662000  0.349378
  1.663000  0.351661
  1.664000  0.353777
  1.665000  0.352901
  1.666000  0.351496
  1.667000  0.350605
  1.668000  0.347576
  1.669000  0.349604
  1.670000  0.349355
  1.671000  0.350981
  1.672000  0.349234
  1.673000  0.353534
  1.674000  0.351187
  1.675000  0.348562
  1.676000  0.346428
  1.677000  0.347491
  1.678000  0.348916
  1.679000  0.345885
  1.680000  0.347857
  1.681000  0.347391
  1.682000  0.343855
  1.683000  0.343860
  1.684000  0.343879
  1.685000  0.344335
  1.686000  0.344425
  1.687000  0.343411
  1.688000  0.345946
  1.689000  0.342403
  1.690000  0.338521
  1.691000  0.336519
  1.692000  0.337696
  1.693000  0.336678
  1.694000  0.340448
  1.695000  0.339163
  1.696000  0.335829
  1.697000  0.332770
  1.698000  0.334900
  1.699000  0.339682
  1.700000  0.331803
  1.701000  0.332373
  1.702000  0.332757
  1.703000  0.327682
  1.704000  0.325607
  1.705000  0.323102
  1.706000  0.326775
  1.707000  0.327371
  1.708000  0.325128
  1.709000  0.322432
  1.710000  0.322926
  1.711000  0.321980
  1.712000  0.319904
  1.713000  0.319776
  1.714000  0.317978
  1.715000  0.320037
  1.716000  0.317031
  1.717000  0.315060
  1.718000  0.313675
  1.719000  0.316236
  1.720000  0.313799
  1.721000  0.312845
  1.722000  0.313059
  1.723000  0.310879
  1.724000  0.308557
  1.725000  0.308380
  1.726000  0.308087
  1.727000  0.310396
  1.728000  0.309972
  1.729000  0.313272
  1.730000  0.310755
  1.731000  0.310573
  1.732000  0.311455
  1.733000  0.311539
  1.734000  0.310987
  1.735000  0.311179
  1.736000  0.312921
  1.737000  0.315317
  1.738000  0.313789
  1.739000  0.312466
  1.740000  0.312787
  1.741000  0.311312
  1.742000  0.311184
  1.743000  0.309713
  1.744000  0.308617
  1.745000  0.309740
  1.746000  0.310886
  1.747000  0.308417
  1.748000  0.306815
  1.749000  0.308751
  1.750000  0.305331
  1.751000  0.306260
  1.752000  0.304935
  1.753000  0.307016
  1.754000  0.304840
  1.755000  0.303921
  1.756000  0.301451
  1.757000  0.300452
  1.758000  0.299421
  1.759000  0.299696
  1.760000  0.298583
  1.761000  0.300098
  1.762000  0.293721
  1.763000  0.296236
  1.764000  0.296344
  1.765000  0.296306
  1.766000  0.296107
  1.767000  0.294012
  1.768000  0.295877
  1.769000  0.297803
  1.770000  0.295746
  1.771000  0.296597
  1.772000  0.297623
  1.773000  0.293450
  1.774000  0.297216
  1.775000  0.298218
  1.776000  0.297203
  1.777000  0.297886
  1.778000  0.296936
  1.779000  0.294218
  1.780000  0.291824
  1.781000  0.294165
  1.782000  0.295623
  1.783000  0.297780
  1.784000  0.296583
  1.785000  0.295594
  1.786000  0.295718
  1.787000  0.295502
  1.788000  0.295905
  1.789000  0.298202
  1.790000  0.297736
  1.791000  0.294490
  1.792000  0.295606
  1.793000  0.297643
  1.794000  0.297213
  1.795000  0.298111
  1.796000  0.297283
  1.797000  0.298892
  1.798000  0.298046
  1.799000  0.299748
  1.800000  0.305061
  1.801000  0.302092
  1.802000  0.298096
  1.803000  0.297551
  1.804000  0.302425
  1.805000  0.302330
  1.806000  0.298983
  1.807000  0.297245
  1.808000  0.301734
  1.809000  0.301328
  1.810000  0.302287
  1.811000  0.307375
  1.812000  0.301349
  1.813000  0.298144
  1.814000  0.301049
  1.815000  0.301762
  1.816000  0.299598
  1.817000  0.299764
  1.818000  0.300873
  1.819000  0.304908
  1.820000  0.304441
  1.821000  0.305354
  1.822000  0.303103
  1.823000  0.303999
  1.824000  0.303392
  1.825000  0.304695
  1.826000  0.302765
  1.827000  0.301438
  1.828000  0.304528
  1.829000  0.307233
  1.830000  0.303595
  1.831000  0.307236
  1.832000  0.305815
  1.833000  0.304706
  1.834000  0.303430
  1.835000  0.301453
  1.836000  0.302765
  1.837000  0.303842
  1.838000  0.303941
  1.839000  0.299571
  1.840000  0.298845
  1.841000  0.300199
  1.842000  0.299168
  1.843000  0.298868
  1.844000  0.297342
  1.845000  0.295072
  1.846000  0.292824
  1.847000  0.292594
  1.848000  0.290596
  1.849000  0.289056
  1.850000  0.285858
  1.851000  0.285350
  1.852000  0.283438
  1.853000  0.275260
  1.854000  0.277460
  1.855000  0.274791
  1.856000  0.270566
  1.857000  0.268878
  1.858000  0.265844
  1.859000  0.258978
  1.860000  0.252710
  1.861000  0.252913
  1.862000  0.250082
  1.863000  0.247602
  1.864000  0.240361
  1.865000  0.234446
  1.866000  0.224854
  1.867000  0.223131
  1.868000  0.216304
  1.869000  0.210613
  1.870000  0.203834
  1.871000  0.194211
  1.872000  0.193331
  1.873000  0.191255
  1.874000  0.181348
  1.875000  0.175046
  1.876000  0.170054
  1.877000  0.166081
  1.878000  0.157721
  1.879000  0.149245
  1.880000  0.146886
  1.881000  0.140605
  1.882000  0.134097
  1.883000  0.126169
  1.884000  0.122176
  1.885000  0.115355
  1.886000  0.111105
  1.887000  0.105966
  1.888000  0.101571
  1.889000  0.098346
  1.890000  0.094910
  1.891000  0.090409
  1.892000  0.087303
  1.893000  0.081807
  1.894000  0.078774
  1.895000  0.075593
  1.896000  0.072374
  1.897000  0.069683
  1.898000  0.068891
  1.899000  0.066939
  1.900000  0.066559
  1.901000  0.063384
  1.902000  0.061226
  1.903000  0.061025
  1.904000  0.054557
  1.905000  0.057748
  1.906000  0.058497
  1.907000  0.055151
  1.908000  0.054517
  1.909000  0.055991
  1.910000  0.057350
  1.911000  0.054353
  1.912000  0.056114
  1.913000  0.051214
  1.914000  0.051451
  1.915000  0.052594
  1.916000  0.050672
  1.917000  0.049623
  1.918000  0.051063
  1.919000  0.051549
  1.920000  0.051261
  1.921000  0.051513
  1.922000  0.048926
  1.923000  0.047625
  1.924000  0.047699
  1.925000  0.050156
  1.926000  0.050596
  1.927000  0.049768
  1.928000  0.049820
  1.929000  0.051643
  1.930000  0.049058
  1.931000  0.049162
  1.932000  0.047585
  1.933000  0.048780
  1.934000  0.047193
  1.935000  0.049404
  1.936000  0.051592
  1.937000  0.050285
  1.938000  0.052446
  1.939000  0.053851
  1.940000  0.052310
  1.941000  0.049333
  1.942000  0.050423
  1.943000  0.051115
  1.944000  0.049735
  1.945000  0.045398
  1.946000  0.052072
  1.947000  0.056957
  1.948000  0.053511
  1.949000  0.054342
  1.950000  0.053548
  1.951000  0.053552
  1.952000  0.053462
  1.953000  0.053466
  1.954000  0.053425
  1.955000  0.054209
  1.956000  0.055244
  1.957000  0.057517
  1.958000  0.055801
  1.959000  0.056785
  1.960000  0.055401
  1.961000  0.055148
  1.962000  0.056498
  1.963000  0.059732
  1.964000  0.058527
  1.965000  0.061367
  1.966000  0.061361
  1.967000  0.062607
  1.968000  0.060025
  1.969000  0.062671
  1.970000  0.065940
  1.971000  0.065646
  1.972000  0.062811
  1.973000  0.061242
  1.974000  0.062622
  1.975000  0.066308
  1.976000  0.065499
  1.977000  0.066592
  1.978000  0.067991
  1.979000  0.066718
  1.980000  0.067349
  1.981000  0.067970
  1.982000  0.071089
  1.983000  0.069526
  1.984000  0.069896
  1.985000  0.070316
  1.986000  0.071617
  1.987000  0.072716
  1.988000  0.076118
  1.989000  0.075855
  1.990000  0.071661
  1.991000  0.073757
  1.992000  0.072320
  1.993000  0.077583
  1.994000  0.078375
  1.995000  0.080010
  1.996000  0.080967
  1.997000  0.078289
  1.998000  0.080203
  1.999000  0.081450
  2.000000  0.079311
  2.001000  0.081651
  2.002000  0.083358
  2.003000  0.084442
  2.004000  0.083375
  2.005000  0.078107
  2.006000  0.083208
  2.007000  0.085010
  2.008000  0.087603
  2.009000  0.090598
  2.010000  0.089413
  2.011000  0.089130
  2.012000  0.087319
  2.013000  0.090320
  2.014000  0.093914
  2.015000  0.092752
  2.016000  0.093140
  2.017000  0.092405
  2.018000  0.091890
  2.019000  0.096246
  2.020000  0.092066
  2.021000  0.095475
  2.022000  0.097366
  2.023000  0.091255
  2.024000  0.095336
  2.025000  0.095892
  2.026000  0.099981
  2.027000  0.103682
  2.028000  0.101918
  2.029000  0.098862
  2.030000  0.099955
  2.031000  0.098517
  2.032000  0.095970
  2.033000  0.102980
  2.034000  0.103783
  2.035000  0.104204
  2.036000  0.100866
  2.037000  0.102309
  2.038000  0.102160
  2.039000  0.102307
  2.040000  0.103971
  2.041000  0.104407
  2.042000  0.106852
  2.043000  0.103963
  2.044000  0.106675
  2.045000  0.103022
  2.046000  0.102444
  2.047000  0.107574
  2.048000  0.109624
  2.049000  0.103825
  2.050000  0.105186
  2.051000  0.111009
  2.052000  0.110379
  2.053000  0.108289
  2.054000  0.108365
  2.055000  0.110106
  2.056000  0.112431
  2.057000  0.114981
  2.058000  0.113995
  2.059000  0.111016
  2.060000  0.114149
  2.061000  0.112356
  2.062000  0.113282
  2.063000  0.113747
  2.064000  0.116805
  2.065000  0.113625
  2.066000  0.112862
  2.067000  0.116046
  2.068000  0.118590
  2.069000  0.117055
  2.070000  0.113662
  2.071000  0.121960
  2.072000  0.117218
  2.073000  0.117885
  2.074000  0.116742
  2.075000  0.114528
  2.076000  0.115501
  2.077000  0.123215
  2.078000  0.122698
  2.079000  0.124113
  2.080000  0.120646
  2.081000  0.120454
  2.082000  0.118310
  2.083000  0.121622
  2.084000  0.123109
  2.085000  0.121287
  2.086000  0.121731
  2.087000  0.125034
  2.088000  0.118702
  2.089000  0.120573
  2.090000  0.123536
  2.091000  0.120376
  2.092000  0.129757
  2.093000  0.127892
  2.094000  0.123037
  2.095000  0.129284
  2.096000  0.131280
  2.097000  0.130974
  2.098000  0.129911
  2.099000  0.131877
  2.100000  0.130370
  2.101000  0.126567
  2.102000  0.124808
  2.103000  0.132414
  2.104000  0.127457
  2.105000  0.133076
  2.106000  0.134187
  2.107000  0.136494
  2.108000  0.132110
  2.109000  0.132038
  2.110000  0.132747
  2.111000  0.133472
  2.112000  0.130702
  2.113000  0.134893
  2.114000  0.133014
  2.115000  0.132659
  2.116000  0.138198
  2.117000  0.139626
  2.118000  0.135025
  2.119000  0.132821
  2.120000  0.140109
  2.121000  0.136202
  2.122000  0.141460
  2.123000  0.141589
  2.124000  0.141390
  2.125000  0.138421
  2.126000  0.137972
  2.127000  0.139484
  2.128000  0.140797
  2.129000  0.137563
  2.130000  0.141965
  2.131000  0.140876
  2.132000  0.143177
  2.133000  0.141153
  2.134000  0.146677
  2.135000  0.144875
  2.136000  0.148147
  2.137000  0.145271
  2.138000  0.142708
  2.139000  0.145714
  2.140000  0.143635
  2.141000  0.146118
  2.142000  0.145871
  2.143000  0.144937
  2.144000  0.146948
  2.145000  0.146427
  2.146000  0.148616
  2.147000  0.148967
  2.148000  0.151162
  2.149000  0.154355
  2.150000  0.151673
  2.151000  0.149911
  2.152000  0.149441
  2.153000  0.148121
  2.154000  0.149566
  2.155000  0.150880
  2.156000  0.151852
  2.157000  0.152922
  2.158000  0.153783
  2.159000  0.148094
  2.160000  0.148719
  2.161000  0.152733
  2.162000  0.152417
  2.163000  0.152108
  2.164000  0.158053
  2.165000  0.153757
  2.166000  0.159346
  2.167000  0.155065
  2.168000  0.154478
  2.169000  0.154841
  2.170000  0.154196
  2.171000  0.154288
  2.172000  0.152640
  2.173000  0.153692
  2.174000  0.156134
  2.175000  0.153528
  2.176000  0.157457
  2.177000  0.152255
  2.178000  0.151064
  2.179000  0.153928
  2.180000  0.157173
  2.181000  0.153177
  2.182000  0.150366
  2.183000  0.159723
  2.184000  0.164469
  2.185000  0.162311
  2.186000  0.160784
  2.187000  0.159768
  2.188000  0.158392
  2.189000  0.157612
  2.190000  0.158951
  2.191000  0.156059
  2.192000  0.161701
  2.193000  0.163035
  2.194000  0.159715
  2.195000  0.162555
  2.196000  0.162280
  2.197000  0.158690
  2.198000  0.159426
  2.199000  0.164831
  2.200000  0.163279
  2.201000  0.162079
  2.202000  0.164407
  2.203000  0.162356
  2.204000  0.161012
  2.205000  0.160703
  2.206000  0.166567
  2.207000  0.163491
  2.208000  0.157863
  2.209000  0.164776
  2.210000  0.162601
  2.211000  0.157658
  2.212000  0.158987
  2.213000  0.164199
  2.214000  0.159477
  2.215000  0.163298
  2.216000  0.165961
  2.217000  0.165532
  2.218000  0.163725
  2.219000  0.161447
  2.220000  0.160522
  2.221000  0.162149
  2.222000  0.164585
  2.223000  0.162232
  2.224000  0.161728
  2.225000  0.161060
  2.226000  0.157471
  2.227000  0.158631
  2.228000  0.155024
  2.229000  0.153221
  2.230000  0.150470
  2.231000  0.157243
  2.232000  0.157872
  2.233000  0.158226
  2.234000  0.150709
  2.235000  0.151901
  2.236000  0.148695
  2.237000  0.146972
  2.238000  0.149734
  2.239000  0.145866
  2.240000  0.146037
  2.241000  0.147045
  2.242000  0.145320
  2.243000  0.144269
  2.244000  0.146311
  2.245000  0.141846
  2.246000  0.141845
  2.247000  0.140512
  2.248000  0.139343
  2.249000  0.138095
  2.250000  0.137973
  2.251000  0.140914
  2.252000  0.138700
  2.253000  0.136584
  2.254000  0.134916
  2.255000  0.139541
  2.256000  0.136201
  2.257000  0.136048
  2.258000  0.130699
  2.259000  0.128937
  2.260000  0.130547
  2.261000  0.132205
  2.262000  0.126619
  2.263000  0.127676
  2.264000  0.131417
  2.265000  0.125045
  2.266000  0.128617
  2.267000  0.126989
  2.268000  0.128769
  2.269000  0.128330
  2.270000  0.122049
  2.271000  0.122627
  2.272000  0.128118
  2.273000  0.124192
  2.274000  0.125184
  2.275000  0.122496
  2.276000  0.125148
  2.277000  0.126683
  2.278000  0.123157
  2.279000  0.116589
  2.280000  0.117895
  2.281000  0.120030
  2.282000  0.119780
  2.283000  0.120909
  2.284000  0.117109
  2.285000  0.121145
  2.286000  0.112656
  2.287000  0.113499
  2.288000  0.114153
  2.289000  0.114010
  2.290000  0.114910
  2.291000  0.117014
  2.292000  0.115964
  2.293000  0.110831
  2.294000  0.108456
  2.295000  0.108075
  2.296000  0.110164
  2.297000  0.112039
  2.298000  0.108666
  2.299000  0.106628
  2.300000  0.107991
  2.301000  0.111674
  2.302000  0.106933
  2.303000  0.107480
  2.304000  0.112005
  2.305000  0.106095
  2.306000  0.106113
  2.307000  0.107394
  2.308000  0.109141
  2.309000  0.107318
  2.310000  0.108895
  2.311000  0.103430
  2.312000  0.103922
  2.313000  0.101889
  2.314000  0.100731
  2.315000  0.102000
  2.316000  0.109610
  2.317000  0.106983
  2.318000  0.106222
  2.319000  0.104265
  2.320000  0.106944
  2.321000  0.105708
  2.322000  0.105734
  2.323000  0.105890
  2.324000  0.106934
  2.325000  0.103555
  2.326000  0.101077
  2.327000  0.103808
  2.328000  0.104156
  2.329000  0.103875
  2.330000  0.104585
  2.331000  0.107527
  2.332000  0.100252
  2.333000  0.101750
  2.334000  0.101797
  2.335000  0.101888
  2.336000  0.101207
  2.337000  0.099472
  2.338000  0.098280
  2.339000  0.098849
  2.340000  0.102314
  2.341000  0.095702
  2.342000  0.096435
  2.343000  0.096600
  2.344000  0.097439
  2.345000  0.101143
  2.346000  0.098708
  2.347000  0.096879
  2.348000  0.099420
  2.349000  0.096469
  2.350000  0.098553
  2.351000  0.099093
  2.352000  0.098142
  2.353000  0.092579
  2.354000  0.095264
  2.355000  0.096144
  2.356000  0.096156
  2.357000  0.094036
  2.358000  0.092432
  2.359000  0.093713
  2.360000  0.090961
  2.361000  0.093234
  2.362000  0.096947
  2.363000  0.094400
  2.364000  0.093961
  2.365000  0.097527
  2.366000  0.093746
  2.367000  0.092327
  2.368000  0.088286
  2.369000  0.088152
  2.370000  0.088769
  2.371000  0.094699
  2.372000  0.090352
  2.373000  0.090064
  2.374000  0.087198
  2.375000  0.086738
  2.376000  0.086547
  2.377000  0.090726
  2.378000  0.092195
  2.379000  0.087486
  2.380000  0.089108
  2.381000  0.087648
  2.382000  0.084089
  2.383000  0.085806
  2.384000  0.080784
  2.385000  0.083036
  2.386000  0.086158
  2.387000  0.084942
  2.388000  0.085982
  2.389000  0.085189
  2.390000  0.084387
  2.391000  0.082759
  2.392000  0.077275
  2.393000  0.082518
  2.394000  0.084075
  2.395000  0.082158
  2.396000  0.082002
  2.397000  0.080777
  2.398000  0.077501
  2.399000  0.081256
  2.400000  0.078639
  2.401000  0.078151
  2.402000  0.078157
  2.403000  0.076263
  2.404000  0.074975
  2.405000  0.072334
  2.406000  0.077682
  2.407000  0.076938
  2.408000  0.075525
  2.409000  0.078728
  2.410000  0.080084
  2.411000  0.077006
  2.412000  0.072708
  2.413000  0.071055
  2.414000  0.070706
  2.415000  0.075536
  2.416000  0.073088
  2.417000  0.068356
  2.418000  0.067267
  2.419000  0.070191
  2.420000  0.066800
  2.421000  0.073586
  2.422000  0.071602
  2.423000  0.068219
  2.424000  0.070097
  2.425000  0.066886
  2.426000  0.066697
  2.427000  0.067174
  2.428000  0.067390
  2.429000  0.067106
  2.430000  0.068013
  2.431000  0.065332
  2.432000  0.065503
  2.433000  0.062177
  2.434000  0.064675
  2.435000  0.065764
  2.436000  0.064569
  2.437000  0.062021
  2.438000  0.064332
  2.439000  0.064505
  2.440000  0.067092
  2.441000  0.064870
  2.442000  0.067757
  2.443000  0.063139
  2.444000  0.063510
  2.445000  0.059620
  2.446000  0.060533
  2.447000  0.057620
  2.448000  0.057642
  2.449000  0.061174
  2.450000  0.063577
  2.451000  0.059849
  2.452000  0.060543
  2.453000  0.057897
  2.454000  0.060991
  2.455000  0.056988
  2.456000  0.055145
  2.457000  0.060440
  2.458000  0.058256
  2.459000  0.057996
  2.460000  0.057689
  2.461000  0.052371
  2.462000  0.053749
  2.463000  0.056729
  2.464000  0.057899
  2.465000  0.057918
  2.466000  0.050424
  2.467000  0.050899
  2.468000  0.051308
  2.469000  0.053819
  2.470000  0.055652
  2.471000  0.053880
  2.472000  0.053127
  2.473000  0.052082
  2.474000  0.054546
  2.475000  0.051627
  2.476000  0.050436
  2.477000  0.054422
  2.478000  0.052334
  2.479000  0.049603
  2.480000  0.051989
  2.481000  0.048764
  2.482000  0.051601
  2.483000  0.055034
  2.484000  0.054282
  2.485000  0.056126
  2.486000  0.053607
  2.487000  0.051218
  2.488000  0.049451
  2.489000  0.049931
  2.490000  0.047355
  2.491000  0.051297
  2.492000  0.050145
  2.493000  0.048268
  2.494000  0.046500
  2.495000  0.049507
  2.496000  0.047975
  2.497000  0.047688
  2.498000  0.050198
  2.499000  0.037517
  2.500000  0.042252
