Wavelength A B
   4.1880000e-01   3.2570652e-02   3.4616087e-02
   4.4280000e-01   3.5183478e-02   3.5403478e-02
   4.8930000e-01   3.9180478e-02   3.6720565e-02
   5.5530000e-01   8.0226609e-02   7.0607087e-02
   6.2030000e-01   4.6718957e-02   4.0559174e-02
   6.6770000e-01   4.0342304e-02   3.5468913e-02
   7.0200000e-01   1.1660613e-01   1.1064174e-01
   7.4200000e-01   3.9569717e-01   4.0257178e-01
   7.8100000e-01   4.5770557e-01   4.7091991e-01
   8.5900000e-01   4.5675535e-01   4.7082222e-01
   9.1400000e-01   4.5139443e-01   4.6556796e-01
