   4.0785904e+02   2.1006873e-01
   4.1149100e+02   2.1922760e-01
   4.1512293e+02   2.1142470e-01
   4.1875488e+02   2.1098936e-01
   4.2238684e+02   2.0697523e-01
   4.2601880e+02   1.9023114e-01
   4.2965076e+02   1.8607873e-01
   4.3328271e+02   2.0706358e-01
   4.3691467e+02   2.0796884e-01
   4.4054663e+02   2.2100867e-01
   4.4417859e+02   2.2168345e-01
   4.4781055e+02   2.3046331e-01
   4.5144250e+02   2.2539283e-01
   4.5507446e+02   2.2506377e-01
   4.5870642e+02   2.2401382e-01
   4.6233838e+02   2.1900736e-01
   4.6597034e+02   2.1255403e-01
   4.6960230e+02   2.0965644e-01
   4.7323425e+02   2.1003928e-01
   4.7686621e+02   2.0949766e-01
   4.8049817e+02   2.0538367e-01
   4.8413013e+02   1.8594044e-01
   4.8776209e+02   1.9015560e-01
   4.9139404e+02   1.9148212e-01
   4.9502600e+02   1.9096354e-01
   4.9865796e+02   1.8296218e-01
   5.0228992e+02   1.8373300e-01
   5.0592188e+02   1.8614403e-01
   5.0955383e+02   1.8801985e-01
   5.1318579e+02   1.8286743e-01
   5.1681775e+02   1.8257933e-01
   5.2044971e+02   2.0000333e-01
   5.2408167e+02   2.0337468e-01
   5.2771362e+02   2.1568851e-01
   5.3134558e+02   2.1806625e-01
   5.3497754e+02   2.2088703e-01
   5.3860950e+02   2.1737098e-01
   5.4224145e+02   2.2177436e-01
   5.4587341e+02   2.2306246e-01
   5.4950537e+02   2.2398181e-01
   5.5313733e+02   2.2258871e-01
   5.5676929e+02   2.1293304e-01
   5.6040125e+02   2.1115709e-01
   5.6403320e+02   2.0265637e-01
   5.6766516e+02   1.9399559e-01
   5.7129712e+02   1.8931820e-01
   5.7492908e+02   1.8251531e-01
   5.7856103e+02   1.8005818e-01
   5.8219299e+02   1.7748581e-01
   5.8582495e+02   1.6489285e-01
   5.8945691e+02   1.5775962e-01
   5.9308887e+02   1.5851891e-01
   5.9672082e+02   1.6062392e-01
   6.0035278e+02   1.6036144e-01
   6.0398474e+02   1.5952404e-01
   6.0761670e+02   1.5362129e-01
   6.1124866e+02   1.4868270e-01
   6.1488062e+02   1.4142398e-01
   6.1851257e+02   1.4281580e-01
   6.2214453e+02   1.3905648e-01
   6.2577649e+02   1.3482725e-01
   6.2940845e+02   1.3412941e-01
   6.3304040e+02   1.3372992e-01
   6.3667236e+02   1.3211403e-01
   6.4030432e+02   1.2659029e-01
   6.4393628e+02   1.1975667e-01
   6.4756824e+02   1.1357479e-01
   6.5120020e+02   1.1359783e-01
   6.5483215e+02   1.0553757e-01
   6.5846411e+02   1.1014709e-01
   6.6209607e+02   1.0961316e-01
   6.6572803e+02   1.0664770e-01
   6.6935999e+02   1.0500492e-01
   6.7299194e+02   1.0319312e-01
   6.7662390e+02   1.0302922e-01
   6.8025586e+02   1.0302282e-01
   6.8388776e+02   9.9152104e-02
   6.8751971e+02   9.8501649e-02
   6.9115167e+02   1.1346211e-01
   6.9478363e+02   1.3453787e-01
   6.9841559e+02   1.5948563e-01
   7.0204755e+02   1.9391620e-01
   7.0567950e+02   2.2930325e-01
   7.0931146e+02   2.6670824e-01
   7.1294342e+02   2.8489408e-01
   7.1657538e+02   2.5656089e-01
   7.2020734e+02   3.1444496e-01
   7.2383929e+02   3.3058597e-01
   7.2747125e+02   3.7067217e-01
   7.3110321e+02   4.4894058e-01
   7.3473517e+02   5.1022418e-01
   7.3836713e+02   5.5584948e-01
   7.4199908e+02   6.0288326e-01
   7.4563104e+02   6.3521521e-01
   7.4926300e+02   6.5737933e-01
   7.5289496e+02   6.6153815e-01
   7.5652692e+02   5.6473946e-01
   7.6015887e+02   3.7708069e-01
   7.6379083e+02   4.8052605e-01
   7.6742279e+02   6.3958530e-01
   7.7105475e+02   6.7201585e-01
   7.7468671e+02   6.7731680e-01
   7.7831867e+02   6.7938340e-01
   7.8195062e+02   6.7417464e-01
   7.8558258e+02   6.5525255e-01
   7.8921454e+02   6.3087970e-01
   7.9284650e+02   6.2488860e-01
   7.9647846e+02   6.3154936e-01
   8.0011041e+02   6.1767086e-01
   8.0374237e+02   6.2358897e-01
   8.0737433e+02   6.0571683e-01
   8.1100629e+02   5.2131008e-01
   8.1463824e+02   4.3892127e-01
   8.1827020e+02   4.7745175e-01
   8.2190216e+02   4.7548502e-01
   8.2553412e+02   5.1193866e-01
   8.2916608e+02   5.0695910e-01
   8.3279804e+02   5.3545235e-01
   8.3642999e+02   5.7484328e-01
   8.4006195e+02   5.8729795e-01
   8.4369391e+02   6.0179106e-01
   8.4732587e+02   5.7460384e-01
   8.5095782e+02   5.5692248e-01
   8.5458978e+02   5.6988420e-01
   8.5822174e+02   5.9028518e-01
   8.6185370e+02   5.7732858e-01
   8.6548566e+02   5.5154086e-01
   8.6911762e+02   5.7678568e-01
   8.7274957e+02   5.6454740e-01
   8.7638153e+02   5.6153456e-01
   8.8001349e+02   5.5378544e-01
   8.8364545e+02   5.4868040e-01
   8.8727741e+02   5.4519124e-01
   8.9090936e+02   4.9429956e-01
   8.9454132e+02   3.8865443e-01
   8.9817328e+02   3.4599714e-01
   9.0180524e+02   4.0240617e-01
   9.0543719e+02   3.5278082e-01
   9.0906915e+02   3.3882165e-01
   9.1270111e+02   3.1237324e-01
   9.1633307e+02   3.5403180e-01
   9.1996503e+02   3.8005639e-01
   9.2359699e+02   3.4933264e-01
   9.2722894e+02   2.1447595e-01
   9.3086090e+02   9.2214773e-02
   9.3449286e+02   7.3735710e-02
   9.3812482e+02   1.5120129e-01
   9.4175677e+02   1.2241099e-01
   9.4538873e+02   1.2279383e-01
   9.4902069e+02   1.2838032e-01
   9.5265265e+02   1.4090413e-01
   9.5628461e+02   1.6274815e-01
   9.5991656e+02   1.9454873e-01
   9.6354852e+02   2.2010981e-01
   9.6718048e+02   3.2616851e-01
   9.7081244e+02   3.0748971e-01
   9.7444440e+02   2.8881602e-01
   9.7807636e+02   3.3159110e-01
   9.8170831e+02   3.7598336e-01
   9.8534027e+02   3.8386821e-01
