   4.0785904e+02   2.2674752e-01
   4.1149100e+02   2.3240187e-01
   4.1512293e+02   1.9732853e-01
   4.1875488e+02   2.2215849e-01
   4.2238684e+02   2.2101123e-01
   4.2601880e+02   1.9093665e-01
   4.2965076e+02   1.9765631e-01
   4.3328271e+02   2.1830697e-01
   4.3691467e+02   2.1429157e-01
   4.4054663e+02   2.3076293e-01
   4.4417859e+02   2.4084242e-01
   4.4781055e+02   2.5280669e-01
   4.5144250e+02   2.4346472e-01
   4.5507446e+02   2.3535196e-01
   4.5870642e+02   2.4641482e-01
   4.6233838e+02   2.2904204e-01
   4.6597034e+02   2.1945423e-01
   4.6960230e+02   2.2920593e-01
   4.7323425e+02   2.2658363e-01
   4.7686621e+02   2.2240433e-01
   4.8049817e+02   2.3018930e-01
   4.8413013e+02   2.0527739e-01
   4.8776209e+02   2.0822749e-01
   4.9139404e+02   2.0396624e-01
   4.9502600e+02   2.1412767e-01
   4.9865796e+02   1.9986888e-01
   5.0228992e+02   1.9519790e-01
   5.0592188e+02   2.0765386e-01
   5.0955383e+02   2.1142342e-01
   5.1318579e+02   2.0617881e-01
   5.1681775e+02   2.0298287e-01
   5.2044971e+02   2.1773334e-01
   5.2408167e+02   2.2822257e-01
   5.2771362e+02   2.3961321e-01
   5.3134558e+02   2.5305253e-01
   5.3497754e+02   2.5723183e-01
   5.3860950e+02   2.5583873e-01
   5.4224145e+02   2.5419979e-01
   5.4587341e+02   2.6255839e-01
   5.4950537e+02   2.6485291e-01
   5.5313733e+02   2.6878636e-01
   5.5676929e+02   2.4895517e-01
   5.6040125e+02   2.5387200e-01
   5.6403320e+02   2.3330329e-01
   5.6766516e+02   2.2519053e-01
   5.7129712e+02   2.1470130e-01
   5.7492908e+02   2.1847087e-01
   5.7856103e+02   1.9970499e-01
   5.8219299e+02   2.0044251e-01
   5.8582495e+02   1.8815045e-01
   5.8945691e+02   1.8061133e-01
   5.9308887e+02   1.8249611e-01
   5.9672082e+02   1.8569204e-01
   6.0035278e+02   1.8356142e-01
   6.0398474e+02   1.8421700e-01
   6.0761670e+02   1.7856265e-01
   6.1124866e+02   1.7446530e-01
   6.1488062e+02   1.6618864e-01
   6.1851257e+02   1.6897484e-01
   6.2214453e+02   1.5930509e-01
   6.2577649e+02   1.4807834e-01
   6.2940845e+02   1.5553552e-01
   6.3304040e+02   1.5356879e-01
   6.3667236e+02   1.5340490e-01
   6.4030432e+02   1.3824469e-01
   6.4393628e+02   1.3398345e-01
   6.4756824e+02   1.3177088e-01
   6.5120020e+02   1.3218061e-01
   6.5483215e+02   1.2251086e-01
   6.5846411e+02   1.2931246e-01
   6.6209607e+02   1.2505122e-01
   6.6572803e+02   1.1472589e-01
   6.6935999e+02   1.1726625e-01
   6.7299194e+02   1.2914857e-01
   6.7662390e+02   1.1136606e-01
   6.8025586e+02   1.2308449e-01
   6.8388776e+02   1.1497173e-01
   6.8751971e+02   1.2119970e-01
   6.9115167e+02   1.4176842e-01
   6.9478363e+02   1.6815537e-01
   6.9841559e+02   1.9118250e-01
   7.0204755e+02   2.4330083e-01
   7.0567950e+02   2.8501188e-01
   7.0931146e+02   3.5270016e-01
   7.1294342e+02   3.8285667e-01
   7.1657538e+02   3.5056953e-01
   7.2020734e+02   4.3989183e-01
   7.2383929e+02   4.5882160e-01
   7.2747125e+02   5.1249693e-01
   7.3110321e+02   6.2402688e-01
   7.3473517e+02   7.2359256e-01
   7.3836713e+02   8.0447431e-01
   7.4199908e+02   8.6888470e-01
   7.4563104e+02   9.2419897e-01
   7.4926300e+02   9.8049660e-01
   7.5289496e+02   9.7246579e-01
   7.5652692e+02   8.3422109e-01
   7.6015887e+02   5.6789314e-01
   7.6379083e+02   6.9573056e-01
   7.6742279e+02   9.5115955e-01
   7.7105475e+02   9.6959764e-01
   7.7468671e+02   9.7992297e-01
   7.7831867e+02   1.0000000e+00
   7.8195062e+02   9.9786938e-01
   7.8558258e+02   9.3222978e-01
   7.8921454e+02   9.0617061e-01
   7.9284650e+02   9.3362288e-01
   7.9647846e+02   9.4894698e-01
   8.0011041e+02   9.0403999e-01
   8.0374237e+02   9.3862165e-01
   8.0737433e+02   8.9469803e-01
   8.1100629e+02   7.5391297e-01
   8.1463824e+02   6.4910268e-01
   8.1827020e+02   7.3440957e-01
   8.2190216e+02   6.8016062e-01
   8.2553412e+02   7.2605097e-01
   8.2916608e+02   7.4924199e-01
   8.3279804e+02   7.7579284e-01
   8.3642999e+02   8.8535606e-01
   8.4006195e+02   8.7847251e-01
   8.4369391e+02   9.1338196e-01
   8.4732587e+02   8.5921495e-01
   8.5095782e+02   8.2700975e-01
   8.5458978e+02   8.1127592e-01
   8.5822174e+02   8.7052364e-01
   8.6185370e+02   8.6773744e-01
   8.6548566e+02   8.0332705e-01
   8.6911762e+02   8.6339425e-01
   8.7274957e+02   8.4085881e-01
   8.7638153e+02   8.7011391e-01
   8.8001349e+02   8.5823158e-01
   8.8364545e+02   7.9701713e-01
   8.8727741e+02   7.9177251e-01
   8.9090936e+02   6.9384578e-01
   8.9454132e+02   5.9051053e-01
   8.9817328e+02   5.0356470e-01
   9.0180524e+02   5.5814144e-01
   9.0543719e+02   5.3150865e-01
   9.0906915e+02   4.8184873e-01
   9.1270111e+02   4.8061952e-01
   9.1633307e+02   5.6084569e-01
   9.1996503e+02   5.2642793e-01
   9.2359699e+02   5.2667377e-01
   9.2722894e+02   2.6091945e-01
   9.3086090e+02   1.3504876e-01
   9.3449286e+02   6.1296403e-02
   9.3812482e+02   2.0585102e-01
   9.4175677e+02   2.1978202e-01
   9.4538873e+02   1.9880357e-01
   9.4902069e+02   2.0798164e-01
   9.5265265e+02   2.2502663e-01
   9.5628461e+02   2.1609440e-01
   9.5991656e+02   2.9845120e-01
   9.6354852e+02   2.9394411e-01
   9.6718048e+02   4.7078587e-01
   9.7081244e+02   5.0167991e-01
   9.7444440e+02   4.4808654e-01
   9.7807636e+02   4.3063181e-01
   9.8170831e+02   4.7135950e-01
   9.8534027e+02   5.9862329e-01
