wave talc
  0.400000  0.821300
  0.401000  0.819500
  0.402000  0.820700
  0.403000  0.823600
  0.404000  0.826400
  0.405000  0.825300
  0.406000  0.824100
  0.407000  0.824700
  0.408000  0.827600
  0.409000  0.830900
  0.410000  0.830900
  0.411000  0.830400
  0.412000  0.831500
  0.413000  0.833200
  0.414000  0.838400
  0.415000  0.837200
  0.416000  0.836700
  0.417000  0.837800
  0.418000  0.841300
  0.419000  0.844000
  0.420000  0.843600
  0.421000  0.841800
  0.422000  0.843600
  0.423000  0.846900
  0.424000  0.850400
  0.425000  0.849200
  0.426000  0.847500
  0.427000  0.847500
  0.428000  0.850400
  0.429000  0.854900
  0.430000  0.854900
  0.431000  0.853800
  0.432000  0.853800
  0.433000  0.857200
  0.434000  0.859400
  0.435000  0.858300
  0.436000  0.856100
  0.437000  0.857200
  0.438000  0.858900
  0.439000  0.861700
  0.440000  0.858900
  0.441000  0.857800
  0.442000  0.858300
  0.443000  0.860000
  0.444000  0.862900
  0.445000  0.861700
  0.446000  0.858900
  0.447000  0.858900
  0.448000  0.860600
  0.449000  0.862900
  0.450000  0.860600
  0.451000  0.859400
  0.452000  0.860600
  0.453000  0.861300
  0.454000  0.863600
  0.455000  0.860700
  0.456000  0.860100
  0.457000  0.860700
  0.458000  0.861900
  0.459000  0.864200
  0.460000  0.861900
  0.461000  0.861900
  0.462000  0.866500
  0.463000  0.866100
  0.464000  0.863200
  0.465000  0.862600
  0.466000  0.864900
  0.467000  0.868800
  0.468000  0.867200
  0.469000  0.864400
  0.470000  0.865500
  0.471000  0.868400
  0.472000  0.870100
  0.473000  0.869000
  0.474000  0.866700
  0.475000  0.866200
  0.476000  0.868500
  0.477000  0.870200
  0.478000  0.870300
  0.479000  0.869700
  0.480000  0.869700
  0.481000  0.871400
  0.482000  0.874900
  0.483000  0.873800
  0.484000  0.871500
  0.485000  0.871000
  0.486000  0.873800
  0.487000  0.877200
  0.488000  0.876100
  0.489000  0.873800
  0.490000  0.873800
  0.491000  0.874400
  0.492000  0.877900
  0.493000  0.878000
  0.494000  0.875100
  0.495000  0.875100
  0.496000  0.876200
  0.497000  0.879100
  0.498000  0.877500
  0.499000  0.876300
  0.500000  0.876300
  0.501000  0.878100
  0.502000  0.880900
  0.503000  0.880900
  0.504000  0.879800
  0.505000  0.878100
  0.506000  0.880300
  0.507000  0.883800
  0.508000  0.883200
  0.509000  0.881500
  0.510000  0.879800
  0.511000  0.880900
  0.512000  0.883800
  0.513000  0.884900
  0.514000  0.882600
  0.515000  0.881500
  0.516000  0.883800
  0.517000  0.884900
  0.518000  0.887100
  0.519000  0.885500
  0.520000  0.883200
  0.521000  0.883200
  0.522000  0.884900
  0.523000  0.887100
  0.524000  0.885500
  0.525000  0.884400
  0.526000  0.884400
  0.527000  0.884900
  0.528000  0.890000
  0.529000  0.886100
  0.530000  0.884900
  0.531000  0.884900
  0.532000  0.886600
  0.533000  0.888900
  0.534000  0.887700
  0.535000  0.884400
  0.536000  0.884900
  0.537000  0.886100
  0.538000  0.887700
  0.539000  0.888300
  0.540000  0.886600
  0.541000  0.885500
  0.542000  0.886100
  0.543000  0.888300
  0.544000  0.889400
  0.545000  0.887100
  0.546000  0.884400
  0.547000  0.886100
  0.548000  0.888900
  0.549000  0.890000
  0.550000  0.888900
  0.551000  0.886600
  0.552000  0.888300
  0.553000  0.890000
  0.554000  0.892300
  0.555000  0.890000
  0.556000  0.886600
  0.557000  0.887100
  0.558000  0.890000
  0.559000  0.890600
  0.560000  0.888900
  0.561000  0.888900
  0.562000  0.891700
  0.563000  0.888900
  0.564000  0.888900
  0.565000  0.886100
  0.566000  0.886100
  0.567000  0.890000
  0.568000  0.887700
  0.569000  0.885500
  0.570000  0.884400
  0.571000  0.885500
  0.572000  0.887700
  0.573000  0.884900
  0.574000  0.882100
  0.575000  0.879800
  0.576000  0.881500
  0.577000  0.884900
  0.578000  0.882600
  0.579000  0.880300
  0.580000  0.878100
  0.581000  0.879800
  0.582000  0.880900
  0.583000  0.879800
  0.584000  0.876300
  0.585000  0.875200
  0.586000  0.876900
  0.587000  0.879800
  0.588000  0.876900
  0.589000  0.872900
  0.590000  0.874000
  0.591000  0.874600
  0.592000  0.876900
  0.593000  0.872900
  0.594000  0.870600
  0.595000  0.870000
  0.596000  0.870600
  0.597000  0.871700
  0.598000  0.869500
  0.599000  0.867800
  0.600000  0.867200
  0.601000  0.867800
  0.602000  0.869500
  0.603000  0.867200
  0.604000  0.864400
  0.605000  0.863800
  0.606000  0.865500
  0.607000  0.867200
  0.608000  0.863200
  0.609000  0.860900
  0.610000  0.860900
  0.611000  0.861500
  0.612000  0.862600
  0.613000  0.859800
  0.614000  0.856300
  0.615000  0.855700
  0.616000  0.855200
  0.617000  0.855700
  0.618000  0.855200
  0.619000  0.851300
  0.620000  0.850700
  0.621000  0.851300
  0.622000  0.854600
  0.623000  0.850700
  0.624000  0.848400
  0.625000  0.846700
  0.626000  0.847200
  0.627000  0.848400
  0.628000  0.847200
  0.629000  0.845500
  0.630000  0.843800
  0.631000  0.844900
  0.632000  0.847200
  0.633000  0.844400
  0.634000  0.842100
  0.635000  0.841500
  0.636000  0.841500
  0.637000  0.843200
  0.638000  0.841500
  0.639000  0.839800
  0.640000  0.836900
  0.641000  0.838600
  0.642000  0.840300
  0.643000  0.839800
  0.644000  0.836900
  0.645000  0.835800
  0.646000  0.838000
  0.647000  0.839800
  0.648000  0.839200
  0.649000  0.836900
  0.650000  0.835300
  0.651000  0.836400
  0.652000  0.839800
  0.653000  0.838000
  0.654000  0.838000
  0.655000  0.835300
  0.656000  0.835800
  0.657000  0.839200
  0.658000  0.837500
  0.659000  0.836400
  0.660000  0.834100
  0.661000  0.834100
  0.662000  0.836900
  0.663000  0.836400
  0.664000  0.836400
  0.665000  0.834100
  0.666000  0.835300
  0.667000  0.836900
  0.668000  0.836900
  0.669000  0.836400
  0.670000  0.834700
  0.671000  0.833500
  0.672000  0.836900
  0.673000  0.836900
  0.674000  0.836400
  0.675000  0.835300
  0.676000  0.834100
  0.677000  0.836400
  0.678000  0.837500
  0.679000  0.836900
  0.680000  0.834700
  0.681000  0.834100
  0.682000  0.836400
  0.683000  0.838600
  0.684000  0.836900
  0.685000  0.834700
  0.686000  0.833000
  0.687000  0.835800
  0.688000  0.836900
  0.689000  0.836900
  0.690000  0.834100
  0.691000  0.833000
  0.692000  0.834700
  0.693000  0.836400
  0.694000  0.835800
  0.695000  0.833000
  0.696000  0.833000
  0.697000  0.835300
  0.698000  0.835800
  0.699000  0.834700
  0.700000  0.834100
  0.701000  0.830700
  0.702000  0.828400
  0.703000  0.829000
  0.704000  0.834100
  0.705000  0.831300
  0.706000  0.831300
  0.707000  0.828400
  0.708000  0.829500
  0.709000  0.833000
  0.710000  0.830700
  0.711000  0.830100
  0.712000  0.828400
  0.713000  0.828400
  0.714000  0.829500
  0.715000  0.830700
  0.716000  0.829000
  0.717000  0.826700
  0.718000  0.825500
  0.719000  0.827200
  0.720000  0.829000
  0.721000  0.827800
  0.722000  0.824900
  0.723000  0.823200
  0.724000  0.824900
  0.725000  0.826700
  0.726000  0.824400
  0.727000  0.820300
  0.728000  0.818700
  0.729000  0.821500
  0.730000  0.822600
  0.731000  0.822100
  0.732000  0.821500
  0.733000  0.819900
  0.734000  0.820300
  0.735000  0.820900
  0.736000  0.821500
  0.737000  0.818700
  0.738000  0.817000
  0.739000  0.818100
  0.740000  0.819900
  0.741000  0.819900
  0.742000  0.817600
  0.743000  0.815300
  0.744000  0.814700
  0.745000  0.815800
  0.746000  0.816400
  0.747000  0.814700
  0.748000  0.811800
  0.749000  0.812400
  0.750000  0.813500
  0.751000  0.815300
  0.752000  0.811800
  0.753000  0.810100
  0.754000  0.809000
  0.755000  0.810100
  0.756000  0.811200
  0.757000  0.809500
  0.758000  0.807200
  0.759000  0.806700
  0.760000  0.807200
  0.761000  0.808900
  0.762000  0.806100
  0.763000  0.803300
  0.764000  0.803300
  0.765000  0.804900
  0.766000  0.806100
  0.767000  0.803300
  0.768000  0.801600
  0.769000  0.801600
  0.770000  0.802700
  0.771000  0.801600
  0.772000  0.798700
  0.773000  0.795800
  0.774000  0.795800
  0.775000  0.796400
  0.776000  0.798100
  0.777000  0.794700
  0.778000  0.793000
  0.779000  0.791800
  0.780000  0.794100
  0.781000  0.793500
  0.782000  0.790700
  0.783000  0.787800
  0.784000  0.788400
  0.785000  0.790100
  0.786000  0.788900
  0.787000  0.786200
  0.788000  0.783300
  0.789000  0.784500
  0.790000  0.785000
  0.791000  0.785600
  0.792000  0.783300
  0.793000  0.780400
  0.794000  0.781000
  0.795000  0.782200
  0.796000  0.782700
  0.797000  0.780400
  0.798000  0.778700
  0.799000  0.779900
  0.800000  0.779300
  0.804000  0.777000
  0.808000  0.775300
  0.812000  0.770200
  0.816000  0.766700
  0.820000  0.763300
  0.824000  0.762700
  0.828000  0.759300
  0.832000  0.758700
  0.836000  0.755800
  0.840000  0.755300
  0.844000  0.753100
  0.848000  0.752500
  0.852000  0.752500
  0.856000  0.751900
  0.860000  0.750800
  0.864000  0.750200
  0.868000  0.750800
  0.872000  0.751300
  0.876000  0.750200
  0.880000  0.750200
  0.884000  0.750800
  0.888000  0.751300
  0.892000  0.751900
  0.896000  0.751300
  0.900000  0.753600
  0.904000  0.753600
  0.908000  0.755300
  0.912000  0.755300
  0.916000  0.755300
  0.920000  0.754700
  0.924000  0.755800
  0.928000  0.756400
  0.932000  0.756400
  0.936000  0.755300
  0.940000  0.752500
  0.944000  0.746700
  0.948000  0.744400
  0.952000  0.744400
  0.956000  0.749000
  0.960000  0.753100
  0.964000  0.754100
  0.968000  0.751300
  0.972000  0.751900
  0.976000  0.751300
  0.980000  0.751900
  0.984000  0.750200
  0.988000  0.749600
  0.992000  0.749000
  0.996000  0.749000
  1.000000  0.748500
  1.004000  0.747900
  1.008000  0.749000
  1.012000  0.747900
  1.016000  0.747900
  1.020000  0.749000
  1.024000  0.750800
  1.028000  0.750200
  1.032000  0.749600
  1.036000  0.751300
  1.040000  0.753100
  1.044000  0.754100
  1.048000  0.756400
  1.052000  0.756400
  1.056000  0.757600
  1.060000  0.757000
  1.064000  0.760400
  1.068000  0.763300
  1.072000  0.763900
  1.076000  0.765600
  1.080000  0.766700
  1.084000  0.770700
  1.088000  0.772400
  1.092000  0.775300
  1.096000  0.777600
  1.100000  0.780400
  1.104000  0.782200
  1.108000  0.785600
  1.112000  0.788400
  1.116000  0.790700
  1.120000  0.793000
  1.124000  0.797600
  1.128000  0.800400
  1.132000  0.802200
  1.136000  0.805500
  1.140000  0.807200
  1.144000  0.811800
  1.148000  0.813000
  1.152000  0.815800
  1.156000  0.818600
  1.160000  0.821400
  1.164000  0.824700
  1.168000  0.826900
  1.172000  0.830400
  1.176000  0.832600
  1.180000  0.834200
  1.184000  0.836400
  1.188000  0.840200
  1.192000  0.842500
  1.196000  0.844100
  1.200000  0.846900
  1.204000  0.850400
  1.208000  0.850400
  1.212000  0.852100
  1.216000  0.854400
  1.220000  0.856700
  1.224000  0.857200
  1.228000  0.859400
  1.232000  0.861200
  1.236000  0.864600
  1.240000  0.865800
  1.244000  0.866900
  1.248000  0.868100
  1.252000  0.870900
  1.256000  0.870300
  1.260000  0.871300
  1.264000  0.870100
  1.268000  0.866500
  1.272000  0.860900
  1.276000  0.856700
  1.280000  0.863000
  1.284000  0.873700
  1.288000  0.877600
  1.292000  0.875900
  1.296000  0.872400
  1.300000  0.875100
  1.304000  0.879600
  1.308000  0.884100
  1.312000  0.883500
  1.316000  0.883400
  1.320000  0.881000
  1.324000  0.883800
  1.328000  0.884800
  1.332000  0.886600
  1.336000  0.887000
  1.340000  0.888700
  1.344000  0.890300
  1.348000  0.891300
  1.352000  0.891900
  1.356000  0.890200
  1.360000  0.890200
  1.364000  0.891900
  1.368000  0.893600
  1.372000  0.892500
  1.376000  0.889000
  1.380000  0.870300
  1.384000  0.803100
  1.388000  0.708700
  1.392000  0.657900
  1.396000  0.691500
  1.400000  0.774700
  1.404000  0.841900
  1.408000  0.881900
  1.412000  0.895000
  1.416000  0.898400
  1.420000  0.899700
  1.424000  0.899200
  1.428000  0.899300
  1.432000  0.899900
  1.436000  0.901700
  1.440000  0.902800
  1.444000  0.904100
  1.448000  0.904800
  1.452000  0.906500
  1.456000  0.907600
  1.460000  0.908200
  1.464000  0.907600
  1.468000  0.908200
  1.472000  0.907100
  1.476000  0.908200
  1.480000  0.907600
  1.484000  0.910500
  1.488000  0.908800
  1.492000  0.909900
  1.496000  0.909900
  1.500000  0.908800
  1.504000  0.910500
  1.508000  0.911600
  1.512000  0.913900
  1.516000  0.912700
  1.520000  0.912700
  1.524000  0.909400
  1.528000  0.908200
  1.532000  0.904800
  1.536000  0.907100
  1.540000  0.908800
  1.544000  0.909900
  1.548000  0.911600
  1.552000  0.913900
  1.556000  0.915000
  1.560000  0.915000
  1.564000  0.916700
  1.568000  0.915000
  1.572000  0.916200
  1.576000  0.915000
  1.580000  0.916700
  1.584000  0.915600
  1.588000  0.916200
  1.592000  0.915600
  1.596000  0.916700
  1.600000  0.916700
  1.604000  0.916600
  1.608000  0.915400
  1.612000  0.917100
  1.616000  0.915900
  1.620000  0.915800
  1.624000  0.915200
  1.628000  0.914500
  1.632000  0.914500
  1.636000  0.914400
  1.640000  0.916000
  1.644000  0.914800
  1.648000  0.916400
  1.652000  0.916400
  1.656000  0.916900
  1.660000  0.916200
  1.664000  0.916100
  1.668000  0.916600
  1.672000  0.916600
  1.676000  0.915900
  1.680000  0.916400
  1.684000  0.915700
  1.688000  0.916800
  1.692000  0.916200
  1.696000  0.915000
  1.700000  0.915500
  1.704000  0.917100
  1.708000  0.916600
  1.712000  0.915500
  1.716000  0.916000
  1.720000  0.914900
  1.724000  0.916000
  1.728000  0.916000
  1.732000  0.915500
  1.736000  0.915500
  1.740000  0.917100
  1.744000  0.914900
  1.748000  0.915500
  1.752000  0.914900
  1.756000  0.916600
  1.760000  0.914900
  1.764000  0.913800
  1.768000  0.914400
  1.772000  0.914400
  1.776000  0.912600
  1.780000  0.913800
  1.784000  0.912600
  1.788000  0.913800
  1.792000  0.910900
  1.796000  0.910900
  1.800000  0.909800
  1.804000  0.907300
  1.808000  0.904100
  1.812000  0.902100
  1.816000  0.897700
  1.820000  0.897000
  1.824000  0.893800
  1.828000  0.892500
  1.832000  0.890900
  1.836000  0.891800
  1.840000  0.892700
  1.844000  0.892400
  1.848000  0.892100
  1.852000  0.893100
  1.856000  0.891300
  1.860000  0.890100
  1.864000  0.887100
  1.868000  0.888200
  1.872000  0.885400
  1.876000  0.885300
  1.880000  0.883500
  1.884000  0.883900
  1.888000  0.882100
  1.892000  0.882700
  1.896000  0.882100
  1.900000  0.882600
  1.904000  0.881900
  1.908000  0.882400
  1.912000  0.881800
  1.916000  0.882900
  1.920000  0.882800
  1.924000  0.881500
  1.928000  0.882000
  1.932000  0.879800
  1.936000  0.881300
  1.940000  0.879600
  1.944000  0.881200
  1.948000  0.880000
  1.952000  0.881000
  1.956000  0.880100
  1.960000  0.879900
  1.964000  0.878100
  1.968000  0.877200
  1.972000  0.874300
  1.976000  0.874000
  1.980000  0.872100
  1.984000  0.867500
  1.988000  0.863200
  1.992000  0.859700
  1.996000  0.853700
  2.000000  0.851300
  2.004000  0.846700
  2.008000  0.844300
  2.012000  0.842200
  2.016000  0.842900
  2.020000  0.845400
  2.024000  0.849200
  2.028000  0.850700
  2.032000  0.850800
  2.036000  0.850900
  2.040000  0.849500
  2.044000  0.845400
  2.048000  0.839800
  2.052000  0.833600
  2.056000  0.824900
  2.060000  0.815000
  2.064000  0.805300
  2.068000  0.793200
  2.072000  0.785700
  2.076000  0.777500
  2.080000  0.773900
  2.084000  0.773500
  2.088000  0.774900
  2.092000  0.775100
  2.096000  0.779800
  2.100000  0.781200
  2.104000  0.782500
  2.108000  0.780000
  2.112000  0.777400
  2.116000  0.772600
  2.120000  0.770700
  2.124000  0.766100
  2.128000  0.763200
  2.132000  0.763500
  2.136000  0.764100
  2.140000  0.767300
  2.144000  0.769900
  2.148000  0.773600
  2.152000  0.774600
  2.156000  0.776300
  2.160000  0.776400
  2.164000  0.777400
  2.168000  0.776100
  2.172000  0.777100
  2.176000  0.779200
  2.180000  0.784600
  2.184000  0.790300
  2.188000  0.796500
  2.192000  0.800000
  2.196000  0.805700
  2.200000  0.806300
  2.204000  0.805800
  2.208000  0.801300
  2.212000  0.795800
  2.216000  0.787800
  2.220000  0.779100
  2.224000  0.769600
  2.228000  0.763300
  2.232000  0.756400
  2.236000  0.753400
  2.240000  0.749200
  2.244000  0.742900
  2.248000  0.733900
  2.252000  0.719200
  2.256000  0.701500
  2.260000  0.677100
  2.264000  0.646900
  2.268000  0.614400
  2.272000  0.581200
  2.276000  0.546700
  2.280000  0.512900
  2.284000  0.480800
  2.288000  0.451500
  2.292000  0.425600
  2.296000  0.405100
  2.300000  0.393000
  2.304000  0.388900
  2.308000  0.389800
  2.312000  0.413700
  2.316000  0.435800
  2.320000  0.465200
  2.324000  0.494300
  2.328000  0.528400
  2.332000  0.557900
  2.336000  0.586400
  2.340000  0.606900
  2.344000  0.617800
  2.348000  0.620300
  2.352000  0.614500
  2.356000  0.604300
  2.360000  0.587900
  2.364000  0.567800
  2.368000  0.545500
  2.372000  0.525400
  2.376000  0.508800
  2.380000  0.498400
  2.384000  0.491500
  2.388000  0.492400
  2.392000  0.498300
  2.396000  0.509400
  2.400000  0.523200
  2.404000  0.538100
  2.408000  0.548500
  2.412000  0.561200
  2.416000  0.568400
  2.420000  0.573300
  2.424000  0.575900
  2.428000  0.573700
  2.432000  0.572600
  2.436000  0.567600
  2.440000  0.563600
  2.444000  0.558600
  2.448000  0.556300
  2.452000  0.553100
  2.456000  0.552400
  2.460000  0.551800
  2.464000  0.553500
  2.468000  0.555600
  2.472000  0.558900
  2.476000  0.562100
  2.480000  0.566000
  2.484000  0.568100
  2.488000  0.570700
  2.492000  0.571300
  2.496000  0.572900
  2.500000  0.574000
