wave ndvi
  -0.416974     1.000000
  -0.412099     4.000000
  -0.407224     5.000000
  -0.402349     4.000000
  -0.397474     8.000000
  -0.392599    10.000000
  -0.387724    10.000000
  -0.382849     9.000000
  -0.377974    16.000000
  -0.373099    18.000000
  -0.368224    25.000000
  -0.363349    22.000000
  -0.358474    26.000000
  -0.353599    24.000000
  -0.348723    28.000000
  -0.343848    36.000000
  -0.338973    38.000000
  -0.334098    57.000000
  -0.329223    62.000000
  -0.324348    86.000000
  -0.319473   107.000000
  -0.314598   118.000000
  -0.309723   164.000000
  -0.304848   285.000000
  -0.299973   334.000000
  -0.295098   508.000000
  -0.290223   670.000000
  -0.285348  1009.000000
  -0.280473  1301.000000
  -0.275598  1327.000000
  -0.270723  1640.000000
  -0.265848  1769.000000
  -0.260973  1769.000000
  -0.256098  1961.000000
  -0.251222  1505.000000
  -0.246347  1652.000000
  -0.241472  2010.000000
  -0.236597  1625.000000
  -0.231722  1737.000000
  -0.226847  1482.000000
  -0.221972  1375.000000
  -0.217097  1070.000000
  -0.212222   872.000000
  -0.207347   721.000000
  -0.202472   784.000000
  -0.197597   438.000000
  -0.192722   353.000000
  -0.187847   324.000000
  -0.182972   264.000000
  -0.178097   208.000000
  -0.173222   176.000000
  -0.168347   119.000000
  -0.163472   116.000000
  -0.158597    57.000000
  -0.153722    48.000000
  -0.148846    36.000000
  -0.143971    33.000000
  -0.139096    22.000000
  -0.134221    18.000000
  -0.129346    17.000000
  -0.124471    27.000000
  -0.119596    20.000000
  -0.114721    12.000000
  -0.109846    23.000000
  -0.104971    15.000000
  -0.100096    18.000000
  -0.095221    21.000000
  -0.090346    14.000000
  -0.085471    15.000000
  -0.080596    25.000000
  -0.075721    23.000000
  -0.070846    13.000000
  -0.065971    20.000000
  -0.061096    26.000000
  -0.056221    16.000000
  -0.051345    20.000000
  -0.046470    22.000000
  -0.041595    20.000000
  -0.036720    23.000000
  -0.031845    16.000000
  -0.026970    12.000000
  -0.022095    20.000000
  -0.017220    17.000000
  -0.012345    19.000000
  -0.007470    18.000000
  -0.002595    21.000000
   0.002280    20.000000
   0.007155    10.000000
   0.012030    25.000000
   0.016905    16.000000
   0.021780    25.000000
   0.026655    14.000000
   0.031530    19.000000
   0.036405    23.000000
   0.041280    22.000000
   0.046155    24.000000
   0.051031    20.000000
   0.055906    28.000000
   0.060781    29.000000
   0.065656    24.000000
   0.070531    21.000000
   0.075406    18.000000
   0.080281    22.000000
   0.085156    22.000000
   0.090031    23.000000
   0.094906    28.000000
   0.099781    26.000000
   0.104656    24.000000
   0.109531    34.000000
   0.114406    41.000000
   0.119281    46.000000
   0.124156   103.000000
   0.129031   121.000000
   0.133906    94.000000
   0.138781    71.000000
   0.143656    81.000000
   0.148532    67.000000
   0.153407    48.000000
   0.158282    50.000000
   0.163157    67.000000
   0.168032    66.000000
   0.172907    73.000000
   0.177782    72.000000
   0.182657    78.000000
   0.187532    87.000000
   0.192407   105.000000
   0.197282    90.000000
   0.202157   119.000000
   0.207032   108.000000
   0.211907   101.000000
   0.216782   144.000000
   0.221657   137.000000
   0.226532   144.000000
   0.231407   167.000000
   0.236282   195.000000
   0.241157   215.000000
   0.246032   249.000000
   0.250908   313.000000
   0.255783   317.000000
   0.260658   349.000000
   0.265533   377.000000
   0.270408   330.000000
   0.275283   395.000000
   0.280158   436.000000
   0.285033   444.000000
   0.289908   533.000000
   0.294783   529.000000
   0.299658   592.000000
   0.304533   594.000000
   0.309408   608.000000
   0.314283   670.000000
   0.319158   707.000000
   0.324033   734.000000
   0.328908   705.000000
   0.333783   759.000000
   0.338658   814.000000
   0.343533   875.000000
   0.348409   872.000000
   0.353284   970.000000
   0.358159   931.000000
   0.363034  1018.000000
   0.367909   997.000000
   0.372784   975.000000
   0.377659  1084.000000
   0.382534   990.000000
   0.387409  1006.000000
   0.392284  1083.000000
   0.397159  1041.000000
   0.402034   982.000000
   0.406909   956.000000
   0.411784   939.000000
   0.416659   998.000000
   0.421534   885.000000
   0.426409   831.000000
   0.431284   788.000000
   0.436159   732.000000
   0.441034   736.000000
   0.445909   676.000000
   0.450785   673.000000
   0.455660   600.000000
   0.460535   626.000000
   0.465410   614.000000
   0.470285   584.000000
   0.475160   591.000000
   0.480035   573.000000
   0.484910   550.000000
   0.489785   558.000000
   0.494660   564.000000
   0.499535   564.000000
   0.504410   638.000000
   0.509285   624.000000
   0.514160   649.000000
   0.519035   663.000000
   0.523910   691.000000
   0.528785   703.000000
   0.533660   767.000000
   0.538535   783.000000
   0.543410   794.000000
   0.548286   791.000000
   0.553161   841.000000
   0.558036   854.000000
   0.562911   886.000000
   0.567786   922.000000
   0.572661   913.000000
   0.577536   984.000000
   0.582411  1011.000000
   0.587286   997.000000
   0.592161  1090.000000
   0.597036  1142.000000
   0.601911  1233.000000
   0.606786  1302.000000
   0.611661  1318.000000
   0.616536  1338.000000
   0.621411  1429.000000
   0.626286  1485.000000
   0.631161  1554.000000
   0.636036  1580.000000
   0.640911  1641.000000
   0.645786  1755.000000
   0.650662  1774.000000
   0.655537  1877.000000
   0.660412  1923.000000
   0.665287  1962.000000
   0.670162  1969.000000
   0.675037  2149.000000
   0.679912  2093.000000
   0.684787  2222.000000
   0.689662  2283.000000
   0.694537  2353.000000
   0.699412  2554.000000
   0.704287  2538.000000
   0.709162  2625.000000
   0.714037  2610.000000
   0.718912  2811.000000
   0.723787  2619.000000
   0.728662  2682.000000
   0.733537  2475.000000
   0.738412  2453.000000
   0.743287  2155.000000
   0.748163  2007.000000
   0.753038  1760.000000
   0.757913  1506.000000
   0.762788  1300.000000
   0.767663  1103.000000
   0.772538   885.000000
   0.777413   733.000000
   0.782288   520.000000
   0.787163   376.000000
   0.792038   296.000000
   0.796913   209.000000
   0.801788   122.000000
   0.806663    81.000000
   0.811538    40.000000
   0.816413    16.000000
   0.821288     8.000000
