wave ndvi
  -0.192308     1.000000
  -0.188353     0.000000
  -0.184399     0.000000
  -0.180444     3.000000
  -0.176490     1.000000
  -0.172536     5.000000
  -0.168581     2.000000
  -0.164627     2.000000
  -0.160672     5.000000
  -0.156718     4.000000
  -0.152763     1.000000
  -0.148809     2.000000
  -0.144854     2.000000
  -0.140900     3.000000
  -0.136946     0.000000
  -0.132991     5.000000
  -0.129037     6.000000
  -0.125082     5.000000
  -0.121128     4.000000
  -0.117173     1.000000
  -0.113219     2.000000
  -0.109264    10.000000
  -0.105310     6.000000
  -0.101356     0.000000
  -0.097401     3.000000
  -0.093447     7.000000
  -0.089492    12.000000
  -0.085538     6.000000
  -0.081583     6.000000
  -0.077629     6.000000
  -0.073675     9.000000
  -0.069720     2.000000
  -0.065766     4.000000
  -0.061811     5.000000
  -0.057857     8.000000
  -0.053902     1.000000
  -0.049948     2.000000
  -0.045993     4.000000
  -0.042039     3.000000
  -0.038085     6.000000
  -0.034130     4.000000
  -0.030176     1.000000
  -0.026221     4.000000
  -0.022267     5.000000
  -0.018312     3.000000
  -0.014358     5.000000
  -0.010404     2.000000
  -0.006449     7.000000
  -0.002495     3.000000
   0.001460     2.000000
   0.005414     1.000000
   0.009369     5.000000
   0.013323     2.000000
   0.017278     3.000000
   0.021232     2.000000
   0.025186     5.000000
   0.029141     3.000000
   0.033095     2.000000
   0.037050     5.000000
   0.041004     1.000000
   0.044959     5.000000
   0.048913     2.000000
   0.052868     7.000000
   0.056822    10.000000
   0.060776     7.000000
   0.064731     4.000000
   0.068685    12.000000
   0.072640     9.000000
   0.076594     9.000000
   0.080549     9.000000
   0.084503     8.000000
   0.088457     7.000000
   0.092412    11.000000
   0.096366    12.000000
   0.100321    13.000000
   0.104275    25.000000
   0.108230    20.000000
   0.112184    16.000000
   0.116139    25.000000
   0.120093    23.000000
   0.124047    27.000000
   0.128002    38.000000
   0.131956    44.000000
   0.135911    59.000000
   0.139865    89.000000
   0.143820    92.000000
   0.147774   106.000000
   0.151728   137.000000
   0.155683   211.000000
   0.159637   265.000000
   0.163592   241.000000
   0.167546   278.000000
   0.171501   256.000000
   0.175455   247.000000
   0.179410   255.000000
   0.183364   242.000000
   0.187318   246.000000
   0.191273   260.000000
   0.195227   287.000000
   0.199182   239.000000
   0.203136   234.000000
   0.207091   241.000000
   0.211045   285.000000
   0.214999   277.000000
   0.218954   331.000000
   0.222908   299.000000
   0.226863   392.000000
   0.230817   409.000000
   0.234772   552.000000
   0.238726   557.000000
   0.242681   614.000000
   0.246635   714.000000
   0.250589   819.000000
   0.254544   961.000000
   0.258498  1081.000000
   0.262453  1185.000000
   0.266407  1385.000000
   0.270362  1486.000000
   0.274316  1690.000000
   0.278271  1788.000000
   0.282225  1921.000000
   0.286179  2216.000000
   0.290134  2344.000000
   0.294088  2410.000000
   0.298043  2485.000000
   0.301997  2492.000000
   0.305952  2516.000000
   0.309906  2587.000000
   0.313860  2542.000000
   0.317815  2517.000000
   0.321769  2522.000000
   0.325724  2550.000000
   0.329678  2601.000000
   0.333633  2344.000000
   0.337587  2409.000000
   0.341542  2431.000000
   0.345496  2419.000000
   0.349450  2394.000000
   0.353405  2380.000000
   0.357359  2330.000000
   0.361314  2273.000000
   0.365268  2256.000000
   0.369223  2263.000000
   0.373177  2087.000000
   0.377131  2214.000000
   0.381086  2088.000000
   0.385040  2026.000000
   0.388995  1950.000000
   0.392949  1912.000000
   0.396904  1865.000000
   0.400858  1772.000000
   0.404813  1768.000000
   0.408767  1638.000000
   0.412721  1606.000000
   0.416676  1537.000000
   0.420630  1425.000000
   0.424585  1367.000000
   0.428539  1341.000000
   0.432494  1307.000000
   0.436448  1236.000000
   0.440403  1180.000000
   0.444357  1064.000000
   0.448311  1029.000000
   0.452266   992.000000
   0.456220   989.000000
   0.460175   894.000000
   0.464129   805.000000
   0.468084   750.000000
   0.472038   681.000000
   0.475992   654.000000
   0.479947   652.000000
   0.483901   567.000000
   0.487856   491.000000
   0.491810   515.000000
   0.495765   462.000000
   0.499719   436.000000
   0.503674   416.000000
   0.507628   399.000000
   0.511582   400.000000
   0.515537   369.000000
   0.519491   375.000000
   0.523446   363.000000
   0.527400   384.000000
   0.531355   341.000000
   0.535309   327.000000
   0.539263   313.000000
   0.543218   320.000000
   0.547172   307.000000
   0.551127   318.000000
   0.555081   288.000000
   0.559036   320.000000
   0.562990   317.000000
   0.566945   319.000000
   0.570899   284.000000
   0.574853   342.000000
   0.578808   341.000000
   0.582762   345.000000
   0.586717   370.000000
   0.590671   339.000000
   0.594626   356.000000
   0.598580   370.000000
   0.602534   371.000000
   0.606489   424.000000
   0.610443   394.000000
   0.614398   422.000000
   0.618352   422.000000
   0.622307   477.000000
   0.626261   496.000000
   0.630216   480.000000
   0.634170   542.000000
   0.638124   536.000000
   0.642079   587.000000
   0.646033   598.000000
   0.649988   657.000000
   0.653942   719.000000
   0.657897   699.000000
   0.661851   807.000000
   0.665806   834.000000
   0.669760   892.000000
   0.673714   938.000000
   0.677669   946.000000
   0.681623  1066.000000
   0.685578  1089.000000
   0.689532  1200.000000
   0.693487  1204.000000
   0.697441  1261.000000
   0.701395  1369.000000
   0.705350  1417.000000
   0.709304  1439.000000
   0.713259  1380.000000
   0.717213  1379.000000
   0.721168  1316.000000
   0.725122  1216.000000
   0.729077  1139.000000
   0.733031  1133.000000
   0.736985   974.000000
   0.740940   847.000000
   0.744894   786.000000
   0.748849   667.000000
   0.752803   548.000000
   0.756758   472.000000
   0.760712   368.000000
   0.764666   264.000000
   0.768621   213.000000
   0.772575   146.000000
   0.776530   116.000000
   0.780484    88.000000
   0.784439    56.000000
   0.788393    44.000000
   0.792348    25.000000
   0.796302    15.000000
   0.800256     8.000000
   0.804211     5.000000
   0.808165     9.000000
   0.812120     3.000000
