wave ndvi
  -0.075501     1.000000
  -0.071977     0.000000
  -0.068454     1.000000
  -0.064930     0.000000
  -0.061407     0.000000
  -0.057883     1.000000
  -0.054360     0.000000
  -0.050836     0.000000
  -0.047313     1.000000
  -0.043789     1.000000
  -0.040266     0.000000
  -0.036742     0.000000
  -0.033219     0.000000
  -0.029695     0.000000
  -0.026172     0.000000
  -0.022648     0.000000
  -0.019125     0.000000
  -0.015601     0.000000
  -0.012078     0.000000
  -0.008554     1.000000
  -0.005031     1.000000
  -0.001507     1.000000
   0.002016     1.000000
   0.005540     5.000000
   0.009063     8.000000
   0.012587     6.000000
   0.016110     0.000000
   0.019634     7.000000
   0.023158     9.000000
   0.026681     8.000000
   0.030205    12.000000
   0.033728     7.000000
   0.037252    16.000000
   0.040775    11.000000
   0.044299    14.000000
   0.047822    23.000000
   0.051346    17.000000
   0.054869    15.000000
   0.058393    25.000000
   0.061916    19.000000
   0.065440    16.000000
   0.068963    22.000000
   0.072487    19.000000
   0.076010    18.000000
   0.079534    16.000000
   0.083057    30.000000
   0.086581    16.000000
   0.090104    18.000000
   0.093628    27.000000
   0.097151    29.000000
   0.100675    48.000000
   0.104198   107.000000
   0.107722   199.000000
   0.111245   293.000000
   0.114769   372.000000
   0.118292   566.000000
   0.121816  1108.000000
   0.125339  1739.000000
   0.128863  2148.000000
   0.132386  1951.000000
   0.135910  1672.000000
   0.139433  1493.000000
   0.142957  1200.000000
   0.146480  1130.000000
   0.150004   957.000000
   0.153527   920.000000
   0.157051   956.000000
   0.160574   935.000000
   0.164098   952.000000
   0.167621  1055.000000
   0.171145  1059.000000
   0.174668  1064.000000
   0.178192  1052.000000
   0.181715  1008.000000
   0.185239  1104.000000
   0.188762  1167.000000
   0.192286  1137.000000
   0.195809  1235.000000
   0.199333  1310.000000
   0.202857  1279.000000
   0.206380  1325.000000
   0.209904  1419.000000
   0.213427  1327.000000
   0.216951  1299.000000
   0.220474  1301.000000
   0.223998  1250.000000
   0.227521  1223.000000
   0.231045  1203.000000
   0.234568  1083.000000
   0.238092  1129.000000
   0.241615  1074.000000
   0.245139  1070.000000
   0.248662  1020.000000
   0.252186  1118.000000
   0.255709  1150.000000
   0.259233  1119.000000
   0.262756  1135.000000
   0.266280  1136.000000
   0.269803  1111.000000
   0.273327  1073.000000
   0.276850  1190.000000
   0.280374  1189.000000
   0.283897  1192.000000
   0.287421  1151.000000
   0.290944  1129.000000
   0.294468  1170.000000
   0.297991  1145.000000
   0.301515  1144.000000
   0.305038  1133.000000
   0.308562  1133.000000
   0.312085  1122.000000
   0.315609  1171.000000
   0.319132  1132.000000
   0.322656  1146.000000
   0.326179  1134.000000
   0.329703  1077.000000
   0.333226  1141.000000
   0.336750  1032.000000
   0.340273  1071.000000
   0.343797  1006.000000
   0.347320  1008.000000
   0.350844  1040.000000
   0.354367  1041.000000
   0.357891   986.000000
   0.361414  1002.000000
   0.364938  1001.000000
   0.368461   952.000000
   0.371985  1031.000000
   0.375508   983.000000
   0.379032  1025.000000
   0.382556   958.000000
   0.386079   953.000000
   0.389603   952.000000
   0.393126   993.000000
   0.396650   911.000000
   0.400173   848.000000
   0.403697   817.000000
   0.407220   792.000000
   0.410744   797.000000
   0.414267   775.000000
   0.417791   718.000000
   0.421314   698.000000
   0.424838   681.000000
   0.428361   675.000000
   0.431885   691.000000
   0.435408   628.000000
   0.438932   618.000000
   0.442455   571.000000
   0.445979   577.000000
   0.449502   606.000000
   0.453026   575.000000
   0.456549   556.000000
   0.460073   540.000000
   0.463596   518.000000
   0.467120   541.000000
   0.470643   503.000000
   0.474167   529.000000
   0.477690   442.000000
   0.481214   452.000000
   0.484737   451.000000
   0.488261   435.000000
   0.491784   432.000000
   0.495308   437.000000
   0.498831   394.000000
   0.502355   416.000000
   0.505878   360.000000
   0.509402   357.000000
   0.512925   376.000000
   0.516449   369.000000
   0.519972   390.000000
   0.523496   375.000000
   0.527019   362.000000
   0.530543   393.000000
   0.534066   361.000000
   0.537590   363.000000
   0.541113   320.000000
   0.544637   338.000000
   0.548160   373.000000
   0.551684   344.000000
   0.555207   355.000000
   0.558731   341.000000
   0.562255   367.000000
   0.565778   320.000000
   0.569302   390.000000
   0.572825   344.000000
   0.576349   352.000000
   0.579872   370.000000
   0.583396   325.000000
   0.586919   363.000000
   0.590443   365.000000
   0.593966   375.000000
   0.597490   320.000000
   0.601013   376.000000
   0.604537   348.000000
   0.608060   364.000000
   0.611584   389.000000
   0.615107   401.000000
   0.618631   374.000000
   0.622154   418.000000
   0.625678   414.000000
   0.629201   449.000000
   0.632725   467.000000
   0.636248   489.000000
   0.639772   510.000000
   0.643295   501.000000
   0.646819   517.000000
   0.650342   617.000000
   0.653866   599.000000
   0.657389   687.000000
   0.660913   697.000000
   0.664436   755.000000
   0.667960   803.000000
   0.671483   865.000000
   0.675007   903.000000
   0.678530   959.000000
   0.682054  1020.000000
   0.685577  1027.000000
   0.689101  1133.000000
   0.692624  1155.000000
   0.696148  1202.000000
   0.699671  1255.000000
   0.703195  1328.000000
   0.706718  1341.000000
   0.710242  1324.000000
   0.713765  1319.000000
   0.717289  1342.000000
   0.720812  1345.000000
   0.724336  1312.000000
   0.727859  1203.000000
   0.731383  1179.000000
   0.734906  1113.000000
   0.738430  1043.000000
   0.741954   926.000000
   0.745477   845.000000
   0.749001   814.000000
   0.752524   752.000000
   0.756048   558.000000
   0.759571   530.000000
   0.763095   406.000000
   0.766618   350.000000
   0.770142   305.000000
   0.773665   239.000000
   0.777189   172.000000
   0.780712   167.000000
   0.784236   114.000000
   0.787759    89.000000
   0.791283    50.000000
   0.794806    40.000000
   0.798330    18.000000
   0.801853    23.000000
   0.805377    12.000000
   0.808900     6.000000
   0.812424     5.000000
   0.815947     5.000000
   0.819471     3.000000
