wave ndvi
  0.094862     1.000000
  0.097777     1.000000
  0.100693     0.000000
  0.103609     1.000000
  0.106525     1.000000
  0.109441     0.000000
  0.112357     2.000000
  0.115273     1.000000
  0.118188     1.000000
  0.121104     0.000000
  0.124020     1.000000
  0.126936     0.000000
  0.129852     0.000000
  0.132768     0.000000
  0.135683     1.000000
  0.138599     4.000000
  0.141515     1.000000
  0.144431     0.000000
  0.147347     2.000000
  0.150263     1.000000
  0.153178     1.000000
  0.156094     2.000000
  0.159010     1.000000
  0.161926     1.000000
  0.164842     2.000000
  0.167758     7.000000
  0.170674     2.000000
  0.173589     2.000000
  0.176505     3.000000
  0.179421     0.000000
  0.182337     7.000000
  0.185253     4.000000
  0.188169     4.000000
  0.191084     5.000000
  0.194000     3.000000
  0.196916    10.000000
  0.199832    13.000000
  0.202748     5.000000
  0.205664     5.000000
  0.208579     4.000000
  0.211495     7.000000
  0.214411     8.000000
  0.217327     8.000000
  0.220243    13.000000
  0.223159    10.000000
  0.226075     7.000000
  0.228990    12.000000
  0.231906     3.000000
  0.234822     3.000000
  0.237738     5.000000
  0.240654     9.000000
  0.243570     7.000000
  0.246485     9.000000
  0.249401    14.000000
  0.252317     9.000000
  0.255233    11.000000
  0.258149     7.000000
  0.261065    10.000000
  0.263980    10.000000
  0.266896     8.000000
  0.269812     7.000000
  0.272728    11.000000
  0.275644     8.000000
  0.278560     5.000000
  0.281476    11.000000
  0.284391     2.000000
  0.287307     7.000000
  0.290223    10.000000
  0.293139    10.000000
  0.296055     6.000000
  0.298971     6.000000
  0.301886     8.000000
  0.304802    11.000000
  0.307718     5.000000
  0.310634     7.000000
  0.313550     6.000000
  0.316466     5.000000
  0.319381     4.000000
  0.322297    11.000000
  0.325213     8.000000
  0.328129    11.000000
  0.331045     6.000000
  0.333961     6.000000
  0.336877     6.000000
  0.339792     3.000000
  0.342708     4.000000
  0.345624     7.000000
  0.348540    15.000000
  0.351456     9.000000
  0.354372    12.000000
  0.357287    13.000000
  0.360203    10.000000
  0.363119    13.000000
  0.366035    13.000000
  0.368951    20.000000
  0.371867    12.000000
  0.374782    14.000000
  0.377698    19.000000
  0.380614     9.000000
  0.383530     9.000000
  0.386446    15.000000
  0.389362    26.000000
  0.392278    18.000000
  0.395193    21.000000
  0.398109    27.000000
  0.401025    23.000000
  0.403941    27.000000
  0.406857    19.000000
  0.409773    22.000000
  0.412688    33.000000
  0.415604    27.000000
  0.418520    23.000000
  0.421436    27.000000
  0.424352    27.000000
  0.427268    25.000000
  0.430183    43.000000
  0.433099    40.000000
  0.436015    28.000000
  0.438931    32.000000
  0.441847    39.000000
  0.444763    47.000000
  0.447679    57.000000
  0.450594    40.000000
  0.453510    60.000000
  0.456426    44.000000
  0.459342    52.000000
  0.462258    72.000000
  0.465174    68.000000
  0.468089    82.000000
  0.471005    79.000000
  0.473921    60.000000
  0.476837    82.000000
  0.479753    81.000000
  0.482669    84.000000
  0.485584    80.000000
  0.488500   107.000000
  0.491416    78.000000
  0.494332   116.000000
  0.497248   123.000000
  0.500164    86.000000
  0.503080   113.000000
  0.505995   128.000000
  0.508911   126.000000
  0.511827   136.000000
  0.514743   149.000000
  0.517659   153.000000
  0.520575   156.000000
  0.523490   179.000000
  0.526406   176.000000
  0.529322   178.000000
  0.532238   163.000000
  0.535154   190.000000
  0.538070   191.000000
  0.540985   215.000000
  0.543901   256.000000
  0.546817   213.000000
  0.549733   234.000000
  0.552649   278.000000
  0.555565   265.000000
  0.558481   280.000000
  0.561396   312.000000
  0.564312   286.000000
  0.567228   339.000000
  0.570144   349.000000
  0.573060   364.000000
  0.575976   356.000000
  0.578891   435.000000
  0.581807   421.000000
  0.584723   466.000000
  0.587639   460.000000
  0.590555   498.000000
  0.593471   542.000000
  0.596386   613.000000
  0.599302   663.000000
  0.602218   672.000000
  0.605134   681.000000
  0.608050   736.000000
  0.610966   769.000000
  0.613882   796.000000
  0.616797   902.000000
  0.619713   901.000000
  0.622629   960.000000
  0.625545  1019.000000
  0.628461  1177.000000
  0.631377  1130.000000
  0.634292  1232.000000
  0.637208  1330.000000
  0.640124  1352.000000
  0.643040  1432.000000
  0.645956  1492.000000
  0.648872  1631.000000
  0.651787  1686.000000
  0.654703  1751.000000
  0.657619  1808.000000
  0.660535  1824.000000
  0.663451  1922.000000
  0.666367  1998.000000
  0.669283  1988.000000
  0.672198  2008.000000
  0.675114  2006.000000
  0.678030  2209.000000
  0.680946  2041.000000
  0.683862  2125.000000
  0.686778  2203.000000
  0.689693  2292.000000
  0.692609  2260.000000
  0.695525  2371.000000
  0.698441  2540.000000
  0.701357  2581.000000
  0.704273  2589.000000
  0.707188  2710.000000
  0.710104  2820.000000
  0.713020  2791.000000
  0.715936  2994.000000
  0.718852  2944.000000
  0.721768  3145.000000
  0.724684  3339.000000
  0.727599  3323.000000
  0.730515  3273.000000
  0.733431  3428.000000
  0.736347  3495.000000
  0.739263  3422.000000
  0.742179  3539.000000
  0.745094  3558.000000
  0.748010  3525.000000
  0.750926  3531.000000
  0.753842  3506.000000
  0.756758  3384.000000
  0.759674  3287.000000
  0.762589  3154.000000
  0.765505  3021.000000
  0.768421  2866.000000
  0.771337  2665.000000
  0.774253  2507.000000
  0.777169  2237.000000
  0.780085  1922.000000
  0.783000  1709.000000
  0.785916  1525.000000
  0.788832  1307.000000
  0.791748  1101.000000
  0.794664   888.000000
  0.797580   670.000000
  0.800495   501.000000
  0.803411   354.000000
  0.806327   240.000000
  0.809243   145.000000
  0.812159    96.000000
  0.815075    55.000000
  0.817990    30.000000
  0.820906    16.000000
  0.823822     7.000000
  0.826738     0.000000
  0.829654     1.000000
  0.832570     2.000000
  0.835486     2.000000
